0.0000
0.0167
0.0333
0.0500
0.0666
0.0833
0.0999
0.1164
0.1330
0.1495
0.1660
0.1824
0.1987
0.2150
0.2313
0.2475
0.2636
0.2796
0.2956
0.3115
0.3273
0.3430
0.3586
0.3741
0.3895
0.4048
0.4200
0.4351
0.4501
0.4649
0.4796
0.4941
0.5086
0.5228
0.5370
0.5510
0.5648
0.5785
0.5920
0.6054
0.6185
0.6316
0.6444
0.6571
0.6695
0.6818
0.6939
0.7058
0.7175
0.7291
0.7404
0.7515
0.7624
0.7730
0.7835
0.7938
0.8038
0.8136
0.8232
0.8325
0.8417
0.8505
0.8592
0.8676
0.8758
0.8837
0.8914
0.8988
0.9060
0.9129
0.9196
0.9260
0.9322
0.9381
0.9437
0.9491
0.9542
0.9591
0.9637
0.9680
0.9720
0.9758
0.9793
0.9826
0.9855
0.9882
0.9906
0.9928
0.9946
0.9962
0.9975
0.9986
0.9993
0.9998
1.0000
0.9999
0.9996
0.9989
0.9980
0.9968
0.9954
0.9936
0.9916
0.9893
0.9867
0.9839
0.9808
0.9774
0.9737
0.9698
0.9656
0.9611
0.9564
0.9514
0.9461
0.9406
0.9348
0.9287
0.9224
0.9158
0.9090
0.9019
0.8946
0.8870
0.8792
0.8712
0.8629
0.8543
0.8455
0.8365
0.8273
0.8178
0.8081
0.7981
0.7880
0.7776
0.7670
0.7562
0.7452
0.7340
0.7225
0.7109
0.6991
0.6871
0.6749
0.6625
0.6499
0.6371
0.6242
0.6111
0.5978
0.5844
0.5707
0.5570
0.5431
0.5290
0.5148
0.5004
0.4859
0.4713
0.4565
0.4416
0.4266
0.4114
0.3962
0.3808
0.3653
0.3498
0.3341
0.3183
0.3025
0.2866
0.2706
0.2545
0.2383
0.2221
0.2058
0.1895
0.1731
0.1566
0.1401
0.1236
0.1070
0.0905
0.0738
0.0572
0.0405
0.0239
0.0072
-0.0095
-0.0261
-0.0428
-0.0594
-0.0761
-0.0927
-0.1093
-0.1258
-0.1424
-0.1588
-0.1753
-0.1917
-0.2080
-0.2243
-0.2405
-0.2566
-0.2727
-0.2887
-0.3046
-0.3205
-0.3362
-0.3519
-0.3674
-0.3829
-0.3982
-0.4135
-0.4286
-0.4436
-0.4585
-0.4732
-0.4878
-0.5023
-0.5167
-0.5309
-0.5449
-0.5588
-0.5726
-0.5862
-0.5996
-0.6129
-0.6259
-0.6389
-0.6516
-0.6642
-0.6765
-0.6887
-0.7007
-0.7125
-0.7241
-0.7355
-0.7467
-0.7577
-0.7684
-0.7790
-0.7894
-0.7995
-0.8094
-0.8191
-0.8285
-0.8377
-0.8467
-0.8555
-0.8640
-0.8723
-0.8803
-0.8881
-0.8956
-0.9029
-0.9100
-0.9167
-0.9233
-0.9295
-0.9356
-0.9413
-0.9468
-0.9521
-0.9570
-0.9617
-0.9662
-0.9703
-0.9742
-0.9778
-0.9812
-0.9843
-0.9871
-0.9896
-0.9919
-0.9939
-0.9956
-0.9970
-0.9981
-0.9990
-0.9996
-0.9999
-1.0000
-0.9997
-0.9992
-0.9984
-0.9974
-0.9960
-0.9944
-0.9925
-0.9903
-0.9879
-0.9851
-0.9821
-0.9789
-0.9753
-0.9715
-0.9674
-0.9631
-0.9585
-0.9536
-0.9484
-0.9430
-0.9373
-0.9314
-0.9252
-0.9187
-0.9120
-0.9050
-0.8978
-0.8904
-0.8826
-0.8747
-0.8665
-0.8580
-0.8494
-0.8404
-0.8313
-0.8219
-0.8123
-0.8025
-0.7924
-0.7821
-0.7716
-0.7609
-0.7500
-0.7389
-0.7275
-0.7160
-0.7042
-0.6923
-0.6802
-0.6679
-0.6554
-0.6427
-0.6298
-0.6168
-0.6036
-0.5902
-0.5767
-0.5630
-0.5491
-0.5351
-0.5209
-0.5066
-0.4922
-0.4776
-0.4629
-0.4480
-0.4331
-0.4180
-0.4028
-0.3875
-0.3721
-0.3565
-0.3409
-0.3252
-0.3094
-0.2935
-0.2775
-0.2614
-0.2453
-0.2291
-0.2129
-0.1965
-0.1802
-0.1637
-0.1473
-0.1308
-0.1142
-0.0976
-0.0810
-0.0644
-0.0478
-0.0311
-0.0144
0.0022
0.0189
0.0356
0.0522
0.0689
0.0855
0.1021
0.1187
0.1352
0.1517
0.1682
0.1846
0.2009
0.2172
0.2335
0.2497
0.2658
0.2818
0.2978
0.3136
0.3294
0.3451
0.3607
0.3762
0.3916
0.4069
0.4221
0.4371
0.4521
0.4669
0.4815
0.4961
0.5105
0.5248
0.5389
0.5528
0.5667
0.5803
0.5938
0.6071
0.6203
0.6333
0.6461
0.6587
0.6712
0.6835
0.6955
0.7074
0.7191
0.7306
0.7419
0.7529
0.7638
0.7745
0.7849
0.7951
0.8051
0.8149
0.8245
0.8338
0.8429
0.8517
0.8603
0.8687
0.8768
0.8847
0.8924
0.8998
0.9069
0.9138
0.9205
0.9269
0.9330
0.9389
0.9445
0.9498
0.9549
0.9597
0.9643
0.9686
0.9726
0.9763
0.9798
0.9830
0.9859
0.9886
0.9909
0.9930
0.9949
0.9964
0.9977
0.9987
0.9994
0.9998
1.0000
0.9999
0.9995
0.9988
0.9979
0.9966
0.9951
0.9934
0.9913
0.9890
0.9864
0.9835
0.9803
0.9769
0.9732
0.9692
0.9650
0.9605
0.9557
0.9507
0.9454
0.9398
0.9340
0.9279
0.9215
0.9149
0.9081
0.9010
0.8936
0.8860
0.8782
0.8701
0.8617
0.8531
0.8443
0.8353
0.8260
0.8165
0.8067
0.7968
0.7866
0.7762
0.7656
0.7547
0.7437
0.7324
0.7210
0.7093
0.6975
0.6854
0.6732
0.6608
0.6482
0.6354
0.6224
0.6093
0.5960
0.5825
0.5689
0.5551
0.5412
0.5271
0.5128
0.4985
0.4839
0.4693
0.4545
0.4396
0.4245
0.4094
0.3941
0.3787
0.3633
0.3477
0.3320
0.3162
0.3004
0.2844
0.2684
0.2523
0.2361
0.2199
0.2036
0.1873
0.1709
0.1544
0.1379
0.1214
0.1048
0.0882
0.0716
0.0550
0.0383
0.0216
0.0050
-0.0117
-0.0284
-0.0450
-0.0617
-0.0783
-0.0949
-0.1115
-0.1281
-0.1446
-0.1610
-0.1775
-0.1939
-0.2102
-0.2265
-0.2427
-0.2588
-0.2749
-0.2909
-0.3068
-0.3226
-0.3383
-0.3540
-0.3695
-0.3850
-0.4003
-0.4155
-0.4306
-0.4456
-0.4605
-0.4752
-0.4898
-0.5043
-0.5186
-0.5328
-0.5468
-0.5607
-0.5744
-0.5880
-0.6014
-0.6146
-0.6277
-0.6406
-0.6533
-0.6658
-0.6782
-0.6903
-0.7023
-0.7141
-0.7256
-0.7370
-0.7482
-0.7591
-0.7699
-0.7804
-0.7907
-0.8008
-0.8107
-0.8203
-0.8298
-0.8390
-0.8479
-0.8566
-0.8651
-0.8734
-0.8814
-0.8891
-0.8966
-0.9039
-0.9109
-0.9176
-0.9241
-0.9304
-0.9364
-0.9421
-0.9475
-0.9527
-0.9577
-0.9623
-0.9667
-0.9709
-0.9747
-0.9783
-0.9816
-0.9847
-0.9874
-0.9899
-0.9922
-0.9941
-0.9958
-0.9972
-0.9983
-0.9991
-0.9997
-1.0000
-1.0000
-0.9997
-0.9991
-0.9983
-0.9972
-0.9958
-0.9942
-0.9922
-0.9900
-0.9875
-0.9848
-0.9817
-0.9784
-0.9748
-0.9710
-0.9669
-0.9625
-0.9578
-0.9529
-0.9477
-0.9422
-0.9365
-0.9306
-0.9243
-0.9178
-0.9111
-0.9041
-0.8968
-0.8893
-0.8816
-0.8736
-0.8654
-0.8569
-0.8482
-0.8392
-0.8300
-0.8206
-0.8110
-0.8011
-0.7910
-0.7807
-0.7702
-0.7595
-0.7485
-0.7373
-0.7260
-0.7144
-0.7026
-0.6907
-0.6785
-0.6662
-0.6537
-0.6410
-0.6281
-0.6150
-0.6018
-0.5884
-0.5748
-0.5611
-0.5472
-0.5332
-0.5190
-0.5047
-0.4902
-0.4756
-0.4609
-0.4460
-0.4311
-0.4160
-0.4007
-0.3854
-0.3700
-0.3544
-0.3388
-0.3231
-0.3072
-0.2913
-0.2753
-0.2593
-0.2431
-0.2269
-0.2107
-0.1943
-0.1780
-0.1615
-0.1451
-0.1285
-0.1120
-0.0954
-0.0788
-0.0622
-0.0455
-0.0289
-0.0122
0.0045
0.0212
0.0378
0.0545
0.0711
0.0877
0.1043
0.1209
0.1374
0.1539
0.1704
0.1868
0.2031
0.2194
0.2357
0.2518
0.2679
0.2840
0.2999
0.3158
0.3315
0.3472
0.3628
0.3783
0.3937
0.4089
0.4241
0.4391
0.4541
0.4688
0.4835
0.4980
0.5124
0.5267
0.5408
0.5547
0.5685
0.5821
0.5956
0.6089
0.6221
0.6350
0.6478
0.6604
0.6729
0.6851
0.6971
0.7090
0.7207
0.7321
0.7434
0.7544
0.7653
0.7759
0.7863
0.7965
0.8065
0.8162
0.8257
0.8350
0.8441
0.8529
0.8615
0.8698
0.8779
0.8858
0.8934
0.9008
0.9079
0.9147
0.9214
0.9277
0.9338
0.9396
0.9452
0.9505
0.9556
0.9603
0.9649
0.9691
0.9731
0.9768
0.9802
0.9834
0.9863
0.9889
0.9912
0.9933
0.9951
0.9966
0.9978
0.9988
0.9995
0.9999
1.0000
0.9998
0.9994
0.9987
0.9977
0.9965
0.9949
0.9931
0.9910
0.9886
0.9860
0.9831
0.9799
0.9764
0.9727
0.9687
0.9644
0.9599
0.9550
0.9500
0.9446
0.9390
0.9332
0.9270
0.9207
0.9140
0.9071
0.9000
0.8926
0.8850
0.8771
0.8690
0.8606
0.8520
0.8431
0.8340
0.8247
0.8152
0.8054
0.7954
0.7852
0.7748
0.7641
0.7533
0.7422
0.7309
0.7194
0.7078
0.6959
0.6838
0.6716
0.6591
0.6465
0.6337
0.6207
0.6075
0.5942
0.5807
0.5671
0.5532
0.5393
0.5252
0.5109
0.4965
0.4820
0.4673
0.4525
0.4376
0.4225
0.4073
0.3921
0.3767
0.3612
0.3456
0.3299
0.3141
0.2982
0.2823
0.2662
0.2501
0.2340
0.2177
0.2014
0.1850
0.1686
0.1522
0.1357
0.1192
0.1026
0.0860
0.0694
0.0527
0.0361
0.0194
0.0027
-0.0139
-0.0306
-0.0473
-0.0639
-0.0805
-0.0972
-0.1137
-0.1303
-0.1468
-0.1633
-0.1797
-0.1961
-0.2124
-0.2286
-0.2448
-0.2610
-0.2770
-0.2930
-0.3089
-0.3247
-0.3404
-0.3561
-0.3716
-0.3870
-0.4023
-0.4176
-0.4326
-0.4476
-0.4625
-0.4772
-0.4918
-0.5062
-0.5205
-0.5347
-0.5487
-0.5626
-0.5763
-0.5898
-0.6032
-0.6164
-0.6294
-0.6423
-0.6550
-0.6675
-0.6798
-0.6920
-0.7039
-0.7156
-0.7272
-0.7385
-0.7497
-0.7606
-0.7713
-0.7818
-0.7921
-0.8022
-0.8120
-0.8216
-0.8310
-0.8402
-0.8491
-0.8578
-0.8662
-0.8744
-0.8824
-0.8901
-0.8976
-0.9048
-0.9118
-0.9185
-0.9250
-0.9312
-0.9371
-0.9428
-0.9483
-0.9534
-0.9583
-0.9629
-0.9673
-0.9714
-0.9752
-0.9788
-0.9821
-0.9851
-0.9878
-0.9903
-0.9924
-0.9943
-0.9960
-0.9973
-0.9984
-0.9992
-0.9997
-1.0000
-0.9999
-0.9996
-0.9990
-0.9982
-0.9970
-0.9956
-0.9939
-0.9919
-0.9897
-0.9872
-0.9844
-0.9813
-0.9779
-0.9743
-0.9704
-0.9663
-0.9619
-0.9572
-0.9522
-0.9470
-0.9415
-0.9357
-0.9297
-0.9235
-0.9169
-0.9102
-0.9031
-0.8958
-0.8883
-0.8805
-0.8725
-0.8642
-0.8557
-0.8470
-0.8380
-0.8288
-0.8193
-0.8097
-0.7998
-0.7897
-0.7793
-0.7688
-0.7580
-0.7470
-0.7358
-0.7244
-0.7128
-0.7010
-0.6891
-0.6769
-0.6645
-0.6520
-0.6392
-0.6263
-0.6132
-0.6000
-0.5866
-0.5730
-0.5592
-0.5453
-0.5313
-0.5171
-0.5028
-0.4883
-0.4737
-0.4589
-0.4440
-0.4290
-0.4139
-0.3987
-0.3833
-0.3679
-0.3523
-0.3367
-0.3209
-0.3051
-0.2892
-0.2732
-0.2571
-0.2410
-0.2247
-0.2085
-0.1921
-0.1757
-0.1593
-0.1428
-0.1263
-0.1098
-0.0932
-0.0766
-0.0599
-0.0433
-0.0266
-0.0099
0.0067
0.0234
0.0401
0.0567
0.0734
0.0900
0.1066
0.1231
0.1396
0.1561
0.1726
0.1890
0.2053
0.2216
0.2378
0.2540
0.2701
0.2861
0.3020
0.3179
0.3337
0.3493
0.3649
0.3804
0.3957
0.4110
0.4261
0.4411
0.4561
0.4708
0.4855
0.5000
0.5143
0.5286
0.5426
0.5566
0.5703
0.5840
0.5974
0.6107
0.6238
0.6368
0.6495
0.6621
0.6745
0.6867
0.6988
0.7106
0.7222
0.7336
0.7449
0.7559
0.7667
0.7773
0.7877
0.7978
0.8078
0.8175
0.8270
0.8362
0.8453
0.8541
0.8626
0.8709
0.8790
0.8868
0.8944
0.9017
0.9088
0.9156
0.9222
0.9285
0.9346
0.9404
0.9459
0.9512
0.9562
0.9610
0.9654
0.9697
0.9736
0.9773
0.9807
0.9838
0.9866
0.9892
0.9915
0.9936
0.9953
0.9968
0.9980
0.9989
0.9995
0.9999
1.0000
0.9998
0.9993
0.9986
0.9976
0.9963
0.9947
0.9928
0.9907
0.9883
0.9856
0.9827
0.9794
0.9759
0.9722
0.9681
0.9638
0.9592
0.9544
0.9493
0.9439
0.9383
0.9324
0.9262
0.9198
0.9131
0.9062
0.8990
0.8916
0.8839
0.8760
0.8678
0.8594
0.8508
0.8419
0.8328
0.8235
0.8139
0.8041
0.7941
0.7838
0.7734
0.7627
0.7518
0.7407
0.7294
0.7179
0.7062
0.6943
0.6822
0.6699
0.6574
0.6448
0.6319
0.6189
0.6057
0.5924
0.5789
0.5652
0.5514
0.5374
0.5233
0.5090
0.4946
0.4800
0.4653
0.4505
0.4355
0.4205
0.4053
0.3900
0.3746
0.3591
0.3435
0.3278
0.3120
0.2961
0.2801
0.2641
0.2480
0.2318
0.2155
0.1992
0.1828
0.1664
0.1500
0.1335
0.1169
0.1003
0.0837
0.0671
0.0505
0.0338
0.0172
0.0005
-0.0162
-0.0329
-0.0495
-0.0662
-0.0828
-0.0994
-0.1160
-0.1325
-0.1490
-0.1655
-0.1819
-0.1983
-0.2146
-0.2308
-0.2470
-0.2631
-0.2792
-0.2952
-0.3110
-0.3268
-0.3426
-0.3582
-0.3737
-0.3891
-0.4044
-0.4196
-0.4347
-0.4496
-0.4644
-0.4791
-0.4937
-0.5081
-0.5224
-0.5366
-0.5506
-0.5644
-0.5781
-0.5916
-0.6050
-0.6182
-0.6312
-0.6440
-0.6567
-0.6692
-0.6815
-0.6936
-0.7055
-0.7172
-0.7287
-0.7400
-0.7511
-0.7620
-0.7727
-0.7832
-0.7935
-0.8035
-0.8133
-0.8229
-0.8323
-0.8414
-0.8503
-0.8589
-0.8674
-0.8755
-0.8835
-0.8912
-0.8986
-0.9058
-0.9127
-0.9194
-0.9258
-0.9320
-0.9379
-0.9436
-0.9490
-0.9541
-0.9590
-0.9635
-0.9679
-0.9719
-0.9757
-0.9792
-0.9825
-0.9854
-0.9881
-0.9906
-0.9927
-0.9946
-0.9962
-0.9975
-0.9985
-0.9993
-0.9998
-1.0000
-0.9999
-0.9996
-0.9989
-0.9980
-0.9969
-0.9954
-0.9937
-0.9917
-0.9894
-0.9868
-0.9840
-0.9809
-0.9775
-0.9738
-0.9699
-0.9657
-0.9612
-0.9565
-0.9515
-0.9463
-0.9407
-0.9349
-0.9289
-0.9226
-0.9160
-0.9092
-0.9022
-0.8948
-0.8873
-0.8795
-0.8714
-0.8631
-0.8546
-0.8458
-0.8368
-0.8275
-0.8181
-0.8084
-0.7984
-0.7883
-0.7779
-0.7673
-0.7565
-0.7455
-0.7343
-0.7229
-0.7113
-0.6994
-0.6874
-0.6752
-0.6628
-0.6503
-0.6375
-0.6246
-0.6115
-0.5982
-0.5847
-0.5711
-0.5574
-0.5435
-0.5294
-0.5152
-0.5008
-0.4863
-0.4717
-0.4569
-0.4420
-0.4270
-0.4119
-0.3966
-0.3813
-0.3658
-0.3502
-0.3346
-0.3188
-0.3030
-0.2870
-0.2710
-0.2549
-0.2388
-0.2226
-0.2063
-0.1899
-0.1735
-0.1571
-0.1406
-0.1241
-0.1075
-0.0909
-0.0743
-0.0577
-0.0410
-0.0244
-0.0077
0.0090
0.0256
0.0423
0.0590
0.0756
0.0922
0.1088
0.1253
0.1419
0.1584
0.1748
0.1912
0.2075
0.2238
0.2400
0.2562
0.2722
0.2883
0.3042
0.3200
0.3358
0.3514
0.3670
0.3824
0.3978
0.4130
0.4282
0.4432
0.4580
0.4728
0.4874
0.5019
0.5163
0.5305
0.5445
0.5584
0.5722
0.5858
0.5992
0.6125
0.6256
0.6385
0.6512
0.6638
0.6762
0.6884
0.7004
0.7122
0.7238
0.7352
0.7464
0.7574
0.7681
0.7787
0.7891
0.7992
0.8091
0.8188
0.8282
0.8375
0.8465
0.8552
0.8637
0.8720
0.8801
0.8879
0.8954
0.9027
0.9098
0.9165
0.9231
0.9294
0.9354
0.9412
0.9467
0.9519
0.9569
0.9616
0.9660
0.9702
0.9741
0.9777
0.9811
0.9842
0.9870
0.9896
0.9918
0.9938
0.9955
0.9970
0.9981
0.9990
0.9996
0.9999
1.0000
0.9998
0.9993
0.9985
0.9974
0.9961
0.9945
0.9926
0.9904
0.9879
0.9852
0.9822
0.9790
0.9754
0.9716
0.9675
0.9632
0.9586
0.9537
0.9486
0.9432
0.9375
0.9315
0.9254
0.9189
0.9122
0.9052
0.8980
0.8906
0.8829
0.8749
0.8667
0.8583
0.8496
0.8407
0.8316
0.8222
0.8126
0.8027
0.7927
0.7824
0.7719
0.7612
0.7503
0.7392
0.7278
0.7163
0.7046
0.6927
0.6805
0.6682
0.6557
0.6431
0.6302
0.6172
0.6040
0.5906
0.5771
0.5634
0.5495
0.5355
0.5213
0.5070
0.4926
0.4780
0.4633
0.4485
0.4335
0.4184
0.4032
0.3879
0.3725
0.3570
0.3414
0.3256
0.3098
0.2939
0.2780
0.2619
0.2458
0.2296
0.2133
0.1970
0.1806
0.1642
0.1477
0.1312
0.1147
0.0981
0.0815
0.0649
0.0482
0.0316
0.0149
-0.0018
-0.0184
-0.0351
-0.0518
-0.0684
-0.0850
-0.1016
-0.1182
-0.1347
-0.1512
-0.1677
-0.1841
-0.2005
-0.2168
-0.2330
-0.2492
-0.2653
-0.2813
-0.2973
-0.3132
-0.3290
-0.3447
-0.3603
-0.3758
-0.3912
-0.4064
-0.4216
-0.4367
-0.4516
-0.4664
-0.4811
-0.4957
-0.5101
-0.5243
-0.5385
-0.5524
-0.5663
-0.5799
-0.5934
-0.6068
-0.6199
-0.6329
-0.6457
-0.6584
-0.6708
-0.6831
-0.6952
-0.7071
-0.7188
-0.7303
-0.7415
-0.7526
-0.7635
-0.7742
-0.7846
-0.7948
-0.8048
-0.8146
-0.8242
-0.8335
-0.8426
-0.8515
-0.8601
-0.8685
-0.8766
-0.8845
-0.8922
-0.8996
-0.9067
-0.9136
-0.9203
-0.9267
-0.9328
-0.9387
-0.9443
-0.9497
-0.9548
-0.9596
-0.9641
-0.9684
-0.9725
-0.9762
-0.9797
-0.9829
-0.9858
-0.9885
-0.9909
-0.9930
-0.9948
-0.9964
-0.9977
-0.9987
-0.9994
-0.9998
-1.0000
-0.9999
-0.9995
-0.9988
-0.9979
-0.9967
-0.9952
-0.9934
-0.9914
-0.9890
-0.9864
-0.9836
-0.9804
-0.9770
-0.9733
-0.9693
-0.9651
-0.9606
-0.9559
-0.9508
-0.9455
-0.9400
-0.9341
-0.9281
-0.9217
-0.9151
-0.9083
-0.9012
-0.8938
-0.8862
-0.8784
-0.8703
-0.8620
-0.8534
-0.8446
-0.8355
-0.8263
-0.8168
-0.8070
-0.7971
-0.7869
-0.7765
-0.7659
-0.7551
-0.7440
-0.7328
-0.7213
-0.7097
-0.6978
-0.6858
-0.6736
-0.6612
-0.6486
-0.6358
-0.6228
-0.6097
-0.5964
-0.5829
-0.5693
-0.5555
-0.5416
-0.5275
-0.5133
-0.4989
-0.4844
-0.4697
-0.4549
-0.4400
-0.4250
-0.4098
-0.3946
-0.3792
-0.3637
-0.3481
-0.3325
-0.3167
-0.3008
-0.2849
-0.2689
-0.2528
-0.2366
-0.2204
-0.2041
-0.1877
-0.1713
-0.1549
-0.1384
-0.1219
-0.1053
-0.0887
-0.0721
-0.0554
-0.0388
-0.0221
-0.0055
0.0112
0.0279
0.0445
0.0612
0.0778
0.0944
0.1110
0.1276
0.1441
0.1606
0.1770
0.1934
0.2097
0.2260
0.2422
0.2583
0.2744
0.2904
0.3063
0.3221
0.3379
0.3535
0.3691
0.3845
0.3998
0.4151
0.4302
0.4452
0.4600
0.4748
0.4894
0.5039
0.5182
0.5324
0.5464
0.5603
0.5740
0.5876
0.6010
0.6142
0.6273
0.6402
0.6529
0.6655
0.6778
0.6900
0.7020
0.7137
0.7253
0.7367
0.7479
0.7588
0.7696
0.7801
0.7904
0.8005
0.8104
0.8201
0.8295
0.8387
0.8477
0.8564
0.8649
0.8731
0.8811
0.8889
0.8964
0.9037
0.9107
0.9174
0.9239
0.9302
0.9362
0.9419
0.9474
0.9526
0.9575
0.9622
0.9666
0.9707
0.9746
0.9782
0.9815
0.9846
0.9874
0.9899
0.9921
0.9941
0.9957
0.9971
0.9983
0.9991
0.9997
1.0000
1.0000
0.9997
0.9992
0.9983
0.9972
0.9959
0.9942
0.9923
0.9901
0.9876
0.9848
0.9818
0.9785
0.9749
0.9711
0.9670
0.9626
0.9579
0.9530
0.9478
0.9424
0.9367
0.9307
0.9245
0.9180
0.9113
0.9043
0.8970
0.8896
0.8818
0.8738
0.8656
0.8571
0.8484
0.8395
0.8303
0.8209
0.8113
0.8014
0.7913
0.7810
0.7705
0.7598
0.7488
0.7377
0.7263
0.7147
0.7030
0.6910
0.6789
0.6666
0.6540
0.6413
0.6285
0.6154
0.6022
0.5888
0.5752
0.5615
0.5476
0.5336
0.5194
0.5051
0.4907
0.4761
0.4613
0.4465
0.4315
0.4164
0.4012
0.3859
0.3704
0.3549
0.3392
0.3235
0.3077
0.2918
0.2758
0.2597
0.2436
0.2274
0.2111
0.1948
0.1784
0.1620
0.1455
0.1290
0.1125
0.0959
0.0793
0.0626
0.0460
0.0293
0.0127
-0.0040
-0.0207
-0.0373
-0.0540
-0.0706
-0.0873
-0.1038
-0.1204
-0.1369
-0.1534
-0.1699
-0.1863
-0.2027
-0.2190
-0.2352
-0.2514
-0.2675
-0.2835
-0.2994
-0.3153
-0.3311
-0.3468
-0.3624
-0.3778
-0.3932
-0.4085
-0.4237
-0.4387
-0.4536
-0.4684
-0.4831
-0.4976
-0.5120
-0.5263
-0.5404
-0.5543
-0.5681
-0.5817
-0.5952
-0.6085
-0.6217
-0.6347
-0.6475
-0.6601
-0.6725
-0.6847
-0.6968
-0.7087
-0.7203
-0.7318
-0.7430
-0.7541
-0.7649
-0.7756
-0.7860
-0.7962
-0.8062
-0.8159
-0.8254
-0.8347
-0.8438
-0.8526
-0.8612
-0.8696
-0.8777
-0.8856
-0.8932
-0.9006
-0.9077
-0.9145
-0.9212
-0.9275
-0.9336
-0.9395
-0.9450
-0.9504
-0.9554
-0.9602
-0.9647
-0.9690
-0.9730
-0.9767
-0.9801
-0.9833
-0.9862
-0.9888
-0.9912
-0.9932
-0.9950
-0.9966
-0.9978
-0.9988
-0.9995
-0.9999
-1.0000
-0.9999
-0.9994
-0.9987
-0.9978
-0.9965
-0.9950
-0.9932
-0.9911
-0.9887
-0.9861
-0.9832
-0.9800
-0.9765
-0.9728
-0.9688
-0.9645
-0.9600
-0.9552
-0.9501
-0.9448
-0.9392
-0.9333
-0.9272
-0.9209
-0.9142
-0.9073
-0.9002
-0.8928
-0.8852
-0.8773
-0.8692
-0.8608
-0.8522
-0.8434
-0.8343
-0.8250
-0.8155
-0.8057
-0.7957
-0.7855
-0.7751
-0.7644
-0.7536
-0.7425
-0.7312
-0.7198
-0.7081
-0.6962
-0.6842
-0.6719
-0.6595
-0.6468
-0.6340
-0.6211
-0.6079
-0.5946
-0.5811
-0.5675
-0.5537
-0.5397
-0.5256
-0.5113
-0.4969
-0.4824
-0.4677
-0.4529
-0.4380
-0.4229
-0.4078
-0.3925
-0.3771
-0.3616
-0.3460
-0.3303
-0.3146
-0.2987
-0.2827
-0.2667
-0.2506
-0.2344
-0.2182
-0.2019
-0.1855
-0.1691
-0.1527
-0.1362
-0.1196
-0.1031
-0.0865
-0.0698
-0.0532
-0.0365
-0.0199
-0.0032
0.0135
0.0301
0.0468
0.0634
0.0801
0.0967
0.1132
0.1298
0.1463
0.1628
0.1792
0.1956
0.2119
0.2282
0.2444
0.2605
0.2766
0.2925
0.3084
0.3243
0.3400
0.3556
0.3712
0.3866
0.4019
0.4171
0.4322
0.4472
0.4620
0.4767
0.4913
0.5058
0.5201
0.5343
0.5483
0.5622
0.5759
0.5894
0.6028
0.6160
0.6291
0.6419
0.6546
0.6671
0.6795
0.6916
0.7036
0.7153
0.7269
0.7382
0.7493
0.7603
0.7710
0.7815
0.7918
0.8019
0.8117
0.8214
0.8307
0.8399
0.8488
0.8575
0.8660
0.8742
0.8822
0.8899
0.8974
0.9046
0.9116
0.9183
0.9248
0.9310
0.9370
0.9427
0.9481
0.9533
0.9582
0.9628
0.9672
0.9713
0.9751
0.9787
0.9820
0.9850
0.9877
0.9902
0.9924
0.9943
0.9959
0.9973
0.9984
0.9992
0.9997
1.0000
1.0000
0.9996
0.9991
0.9982
0.9971
0.9957
0.9940
0.9920
0.9898
0.9872
0.9845
0.9814
0.9780
0.9744
0.9706
0.9664
0.9620
0.9573
0.9523
0.9471
0.9417
0.9359
0.9299
0.9236
0.9171
0.9104
0.9033
0.8961
0.8885
0.8808
0.8727
0.8645
0.8560
0.8472
0.8383
0.8291
0.8196
0.8100
0.8001
0.7900
0.7796
0.7691
0.7583
0.7473
0.7362
0.7248
0.7132
0.7014
0.6894
0.6772
0.6649
0.6523
0.6396
0.6267
0.6136
0.6004
0.5870
0.5734
0.5596
0.5457
0.5317
0.5175
0.5032
0.4887
0.4741
0.4593
0.4445
0.4295
0.4144
0.3991
0.3838
0.3683
0.3528
0.3371
0.3214
0.3056
0.2896
0.2736
0.2576
0.2414
0.2252
0.2089
0.1926
0.1762
0.1598
0.1433
0.1268
0.1102
0.0937
0.0770
0.0604
0.0438
0.0271
0.0104
-0.0062
-0.0229
-0.0396
-0.0562
-0.0729
-0.0895
-0.1061
-0.1226
-0.1392
-0.1557
-0.1721
-0.1885
-0.2049
-0.2211
-0.2374
-0.2535
-0.2696
-0.2856
-0.3016
-0.3174
-0.3332
-0.3489
-0.3644
-0.3799
-0.3953
-0.4105
-0.4257
-0.4407
-0.4556
-0.4704
-0.4850
-0.4996
-0.5139
-0.5282
-0.5422
-0.5562
-0.5699
-0.5836
-0.5970
-0.6103
-0.6234
-0.6364
-0.6492
-0.6617
-0.6742
-0.6864
-0.6984
-0.7102
-0.7219
-0.7333
-0.7445
-0.7556
-0.7664
-0.7770
-0.7874
-0.7975
-0.8075
-0.8172
-0.8267
-0.8360
-0.8450
-0.8538
-0.8624
-0.8707
-0.8788
-0.8866
-0.8942
-0.9015
-0.9086
-0.9155
-0.9220
-0.9284
-0.9344
-0.9402
-0.9458
-0.9511
-0.9561
-0.9608
-0.9653
-0.9695
-0.9735
-0.9772
-0.9806
-0.9837
-0.9866
-0.9892
-0.9915
-0.9935
-0.9953
-0.9967
-0.9979
-0.9989
-0.9995
-0.9999
-1.0000
-0.9998
-0.9994
-0.9986
-0.9976
-0.9963
-0.9947
-0.9929
-0.9908
-0.9884
-0.9857
-0.9827
-0.9795
-0.9760
-0.9723
-0.9682
-0.9639
-0.9594
-0.9545
-0.9494
-0.9441
-0.9384
-0.9325
-0.9264
-0.9200
-0.9133
-0.9064
-0.8992
-0.8918
-0.8841
-0.8762
-0.8681
-0.8597
-0.8510
-0.8422
-0.8331
-0.8237
-0.8142
-0.8044
-0.7944
-0.7841
-0.7737
-0.7630
-0.7521
-0.7410
-0.7297
-0.7182
-0.7065
-0.6946
-0.6825
-0.6703
-0.6578
-0.6451
-0.6323
-0.6193
-0.6061
-0.5928
-0.5793
-0.5656
-0.5518
-0.5378
-0.5237
-0.5094
-0.4950
-0.4804
-0.4657
-0.4509
-0.4360
-0.4209
-0.4057
-0.3904
-0.3750
-0.3595
-0.3439
-0.3282
-0.3124
-0.2965
-0.2806
-0.2645
-0.2484
-0.2322
-0.2160
-0.1997
-0.1833
-0.1669
-0.1504
-0.1339
-0.1174
-0.1008
-0.0842
-0.0676
-0.0510
-0.0343
-0.0176
-0.0010
0.0157
0.0324
0.0490
0.0657
0.0823
0.0989
0.1155
0.1320
0.1485
0.1650
0.1814
0.1978
0.2141
0.2304
0.2465
0.2627
0.2787
0.2947
0.3106
0.3264
0.3421
0.3577
0.3732
0.3886
0.4040
0.4191
0.4342
0.4492
0.4640
0.4787
0.4933
0.5077
0.5220
0.5362
0.5502
0.5640
0.5777
0.5912
0.6046
0.6178
0.6308
0.6437
0.6563
0.6688
0.6811
0.6932
0.7051
0.7169
0.7284
0.7397
0.7508
0.7617
0.7724
0.7829
0.7932
0.8032
0.8130
0.8226
0.8320
0.8411
0.8500
0.8587
0.8671
0.8753
0.8832
0.8909
0.8984
0.9056
0.9125
0.9192
0.9257
0.9318
0.9378
0.9434
0.9488
0.9539
0.9588
0.9634
0.9677
0.9718
0.9756
0.9791
0.9824
0.9854
0.9881
0.9905
0.9927
0.9945
0.9961
0.9975
0.9985
0.9993
0.9998
1.0000
0.9999
0.9996
0.9990
0.9981
0.9969
0.9954
0.9937
0.9917
0.9894
0.9869
0.9841
0.9810
0.9776
0.9739
0.9700
0.9658
0.9614
0.9567
0.9517
0.9464
0.9409
0.9351
0.9291
0.9228
0.9162
0.9094
0.9024
0.8951
0.8875
0.8797
0.8716
0.8633
0.8548
0.8460
0.8370
0.8278
0.8183
0.8086
0.7987
0.7886
0.7782
0.7676
0.7568
0.7458
0.7346
0.7232
0.7116
0.6998
0.6878
0.6756
0.6632
0.6506
0.6379
0.6250
0.6119
0.5986
0.5851
0.5715
0.5578
0.5439
0.5298
0.5156
0.5012
0.4867
0.4721
0.4573
0.4425
0.4274
0.4123
0.3971
0.3817
0.3662
0.3507
0.3350
0.3193
0.3034
0.2875
0.2715
0.2554
0.2393
0.2230
0.2067
0.1904
0.1740
0.1576
0.1411
0.1246
0.1080
0.0914
0.0748
0.0582
0.0415
0.0249
0.0082
-0.0085
-0.0252
-0.0418
-0.0585
-0.0751
-0.0917
-0.1083
-0.1249
-0.1414
-0.1579
-0.1743
-0.1907
-0.2070
-0.2233
-0.2395
-0.2557
-0.2718
-0.2878
-0.3037
-0.3196
-0.3353
-0.3510
-0.3665
-0.3820
-0.3973
-0.4126
-0.4277
-0.4427
-0.4576
-0.4724
-0.4870
-0.5015
-0.5158
-0.5301
-0.5441
-0.5580
-0.5718
-0.5854
-0.5988
-0.6121
-0.6252
-0.6381
-0.6509
-0.6634
-0.6758
-0.6880
-0.7000
-0.7118
-0.7234
-0.7348
-0.7460
-0.7570
-0.7678
-0.7784
-0.7888
-0.7989
-0.8088
-0.8185
-0.8280
-0.8372
-0.8462
-0.8550
-0.8635
-0.8718
-0.8798
-0.8876
-0.8952
-0.9025
-0.9095
-0.9164
-0.9229
-0.9292
-0.9352
-0.9410
-0.9465
-0.9518
-0.9567
-0.9615
-0.9659
-0.9701
-0.9740
-0.9776
-0.9810
-0.9841
-0.9869
-0.9895
-0.9918
-0.9938
-0.9955
-0.9969
-0.9981
-0.9990
-0.9996
-0.9999
-1.0000
-0.9998
-0.9993
-0.9985
-0.9974
-0.9961
-0.9945
-0.9926
-0.9905
-0.9880
-0.9853
-0.9823
-0.9791
-0.9755
-0.9717
-0.9677
-0.9633
-0.9587
-0.9539
-0.9487
-0.9433
-0.9376
-0.9317
-0.9255
-0.9191
-0.9124
-0.9054
-0.8982
-0.8908
-0.8831
-0.8752
-0.8670
-0.8585
-0.8499
-0.8410
-0.8318
-0.8225
-0.8129
-0.8030
-0.7930
-0.7827
-0.7722
-0.7615
-0.7506
-0.7395
-0.7282
-0.7167
-0.7049
-0.6930
-0.6809
-0.6686
-0.6561
-0.6434
-0.6306
-0.6175
-0.6043
-0.5910
-0.5774
-0.5638
-0.5499
-0.5359
-0.5218
-0.5075
-0.4930
-0.4785
-0.4637
-0.4489
-0.4340
-0.4189
-0.4037
-0.3884
-0.3730
-0.3574
-0.3418
-0.3261
-0.3103
-0.2944
-0.2784
-0.2624
