0.7859
0.6226
0.8693
0.4203
0.9015
0.3286
0.8164
0.5547
0.9139
0.2911
0.7635
0.6682
0.8204
0.5453
0.9174
0.2803
0.7464
0.7003
0.7765
0.6420
0.8504
0.4708
0.9219
0.2666
0.7234
0.7404
0.7112
0.7600
0.6749
0.8118
0.5652
0.9093
0.3052
0.7846
0.6253
0.8669
0.4268
0.9052
0.3176
0.8018
0.5879
0.8964
0.3436
0.8344
0.5111
0.9245
0.2581
0.7085
0.7641
0.6670
0.8219
0.5417
0.9186
0.2768
0.7406
0.7108
0.7606
0.6737
0.8134
0.5616
0.9110
0.3001
0.7771
0.6409
0.8516
0.4677
0.9211
0.2688
0.7272
0.7340
0.7224
0.7420
0.7083
0.7644
0.6663
0.8227
0.5397
0.9192
0.2749
0.7375
0.7163
0.7518
0.6904
0.7909
0.6118
0.8787
0.3943
0.8836
0.3804
0.8721
0.4127
0.8968
0.3425
0.8332
0.5142
0.9243
0.2590
0.7101
0.7616
0.6717
0.8159
0.5558
0.9135
0.2924
0.7656
0.6640
0.8255
0.5330
0.9210
0.2693
0.7280
0.7326
0.7248
0.7380
0.7154
0.7534
0.6875
0.7950
0.6031
0.8857
0.3747
0.8669
0.4270
0.9053
0.3173
0.8015
0.5886
0.8959
0.3450
0.8361
0.5070
0.9248
0.2573
0.7070
0.7665
0.6622
0.8276
0.5279
0.9221
0.2657
0.7219
0.7428
0.7069
0.7666
0.6620
0.8280
0.5271
0.9223
0.2652
0.7210
0.7443
0.7041
0.7708
0.6536
0.8377
0.5031
0.9250
0.2568
0.7062
0.7678
0.6597
0.8306
0.5206
0.9234
0.2616
0.7148
0.7543
0.6857
0.7974
0.5977
0.8897
0.3632
0.8558
0.4567
0.9181
0.2783
0.7431
0.7063
0.7676
0.6601
0.8302
0.5217
0.9233
0.2621
0.7157
0.7529
0.6884
0.7937
0.6058
0.8836
0.3807
0.8723
0.4121
0.8964
0.3436
0.8345
0.5111
0.9245
0.2581
0.7085
0.7641
0.6669
0.8220
0.5414
0.9187
0.2765
0.7402
0.7116
0.7594
0.6760
0.8103
0.5686
0.9076
0.3104
0.7920
0.6096
0.8805
0.3892
0.8796
0.3919
0.8818
0.3857
0.8766
0.4002
0.8881
0.3676
0.8601
0.4451
0.9138
0.2913
0.7638
0.6674
0.8213
0.5431
0.9181
0.2781
0.7428
0.7069
0.7666
0.6620
0.8279
0.5273
0.9222
0.2653
0.7212
0.7439
0.7049
0.7697
0.6559
0.8351
0.5095
0.9247
0.2577
0.7078
0.7652
0.6649
0.8244
0.5355
0.9203
0.2713
0.7315
0.7268
0.7347
0.7211
0.7441
0.7046
0.7701
0.6550
0.8361
0.5070
0.9248
0.2573
0.7070
0.7665
0.6622
0.8276
0.5278
0.9221
0.2657
0.7218
0.7430
0.7066
0.7671
0.6610
0.8291
0.5242
0.9228
0.2635
0.7180
0.7491
0.6954
0.7838
0.6270
0.8653
0.4313
0.9075
0.3105
0.7921
0.6093
0.8808
0.3884
0.8789
0.3937
0.8832
0.3817
0.8732
0.4096
0.8948
0.3484
0.8399
0.4974
0.9250
0.2568
0.7061
0.7678
0.6596
0.8308
0.5201
0.9235
0.2614
0.7143
0.7550
0.6844
0.7992
0.5937
0.8925
0.3549
0.8471
0.4791
0.9234
0.2618
0.7150
0.7540
0.6863
0.7966
0.5995
0.8884
0.3669
0.8595
0.4468
0.9145
0.2892
0.7606
0.6738
0.8132
0.5620
0.9108
0.3007
0.7780
0.6390
0.8535
0.4626
0.9198
0.2729
0.7341
0.7222
0.7423
0.7078
0.7652
0.6647
0.8246
0.5351
0.9205
0.2709
0.7308
0.7279
0.7329
0.7244
0.7387
0.7142
0.7553
0.6839
0.7999
0.5922
0.8935
0.3520
0.8439
0.4874
0.9244
0.2585
0.7093
0.7630
0.6691
0.8191
0.5481
0.9164
0.2834
0.7514
0.6912
0.7898
0.6143
0.8767
0.4001
0.8881
0.3678
0.8603
0.4446
0.9136
0.2920
0.7649
0.6654
0.8238
0.5371
0.9199
0.2726
0.7336
0.7230
0.7409
0.7102
0.7615
0.6721
0.8155
0.5568
0.9131
0.2937
0.7675
0.6603
0.8299
0.5223
0.9232
0.2625
0.7163
0.7520
0.6901
0.7913
0.6111
0.8793
0.3926
0.8823
0.3843
0.8754
0.4035
0.8905
0.3607
0.8532
0.4633
0.9200
0.2723
0.7331
0.7240
0.7394
0.7129
0.7572
0.6802
0.8049
0.5811
0.9007
0.3310
0.8194
0.5477
0.9166
0.2829
0.7505
0.6928
0.7875
0.6191
0.8725
0.4116
0.8961
0.3445
0.8355
0.5084
0.9247
0.2575
0.7074
0.7658
0.6637
0.8259
0.5320
0.9212
0.2686
0.7268
0.7347
0.7212
0.7439
0.7048
0.7698
0.6557
0.8353
0.5091
0.9247
0.2577
0.7077
0.7654
0.6644
0.8250
0.5342
0.9207
0.2702
0.7296
0.7300
0.7293
0.7304
0.7286
0.7316
0.7265
0.7351
0.7204
0.7453
0.7024
0.7734
0.6485
0.8434
0.4887
0.9245
0.2582
0.7086
0.7640
0.6671
0.8216
0.5422
0.9184
0.2773
0.7415
0.7093
0.7629
0.6692
0.8190
0.5484
0.9163
0.2837
0.7518
0.6904
0.7909
0.6118
0.8787
0.3943
0.8836
0.3804
0.8721
0.4127
0.8968
0.3424
0.8331
0.5145
0.9242
0.2591
0.7103
0.7613
0.6724
0.8150
0.5578
0.9127
0.2949
0.7694
0.6564
0.8345
0.5111
0.9245
0.2581
0.7085
0.7641
0.6669
0.8219
0.5416
0.9186
0.2766
0.7404
0.7112
0.7600
0.6749
0.8118
0.5653
0.9092
0.3054
0.7849
0.6247
0.8675
0.4254
0.9044
0.3199
0.8050
0.5807
0.9009
0.3304
0.8185
0.5496
0.9159
0.2850
0.7540
0.6863
0.7966
0.5994
0.8884
0.3667
0.8593
0.4474
0.9148
0.2885
0.7594
0.6760
0.8104
0.5684
0.9077
0.3100
0.7915
0.6107
0.8797
0.3917
0.8816
0.3863
0.8772
0.3986
0.8870
0.3709
0.8633
0.4366
0.9101
0.3027
0.7809
0.6330
0.8596
0.4466
0.9144
0.2895
0.7610
0.6729
0.8144
0.5592
0.9120
0.2969
0.7724
0.6505
0.8412
0.4942
0.9249
0.2571
0.7067
0.7670
0.6613
0.8288
0.5250
0.9227
0.2640
0.7189
0.7478
0.6979
0.7801
0.6347
0.8579
0.4511
0.9161
0.2842
0.7528
0.6886
0.7934
0.6066
0.8830
0.3824
0.8738
0.4080
0.8937
0.3515
0.8434
0.4886
0.9245
0.2582
0.7087
0.7639
0.6673
0.8214
0.5427
0.9182
0.2778
0.7423
0.7079
0.7651
0.6649
0.8244
0.5356
0.9203
0.2713
0.7315
0.7266
0.7350
0.7207
0.7447
0.7034
0.7720
0.6513
0.8403
0.4966
0.9250
0.2568
0.7062
0.7677
0.6599
0.8304
0.5210
0.9234
0.2618
0.7151
0.7538
0.6867
0.7961
0.6006
0.8875
0.3693
0.8618
0.4407
0.9120
0.2970
0.7725
0.6502
0.8415
0.4934
0.9248
0.2572
0.7069
0.7666
0.6619
0.8280
0.5270
0.9223
0.2651
0.7209
0.7445
0.7038
0.7713
0.6527
0.8387
0.5006
0.9250
0.2567
0.7060
0.7680
0.6592
0.8313
0.5190
0.9237
0.2609
0.7134
0.7565
0.6816
0.8029
0.5855
0.8980
0.3390
0.8291
0.5243
0.9228
0.2635
0.7181
0.7490
0.6956
0.7834
0.6278
0.8645
0.4333
0.9085
0.3074
0.7878
0.6186
0.8730
0.4103
0.8952
0.3471
0.8385
0.5011
0.9250
0.2567
0.7060
0.7680
0.6592
0.8312
0.5191
0.9236
0.2609
0.7135
0.7563
0.6820
0.8025
0.5865
0.8973
0.3409
0.8314
0.5186
0.9237
0.2607
0.7132
0.7569
0.6809
0.8040
0.5832
0.8994
0.3348
0.8240
0.5367
0.9200
0.2722
0.7331
0.7240
0.7393
0.7130
0.7571
0.6805
0.8045
0.5820
0.9001
0.3327
0.8215
0.5426
0.9183
0.2777
0.7421
0.7081
0.7647
0.6658
0.8233
0.5382
0.9196
0.2735
0.7352
0.7203
0.7454
0.7021
0.7739
0.6475
0.8445
0.4858
0.9243
0.2590
0.7102
0.7616
0.6718
0.8158
0.5561
0.9134
0.2928
0.7661
0.6629
0.8268
0.5299
0.9217
0.2670
0.7242
0.7391
0.7135
0.7563
0.6819
0.8026
0.5862
0.8975
0.3404
0.8307
0.5202
0.9235
0.2614
0.7144
0.7548
0.6847
0.7988
0.5947
0.8918
0.3569
0.8493
0.4736
0.9224
0.2647
0.7202
0.7455
0.7019
0.7741
0.6469
0.8451
0.4843
0.9241
0.2596
0.7111
0.7601
0.6747
0.8121
0.5647
0.9095
0.3045
0.7835
0.6276
0.8648
0.4327
0.9082
0.3084
0.7892
0.6156
0.8756
0.4031
0.8902
0.3615
0.8540
0.4612
0.9194
0.2741
0.7362
0.7186
0.7481
0.6972
0.7811
0.6326
0.8599
0.4457
0.9141
0.2906
0.7628
0.6695
0.8186
0.5493
0.9160
0.2847
0.7535
0.6873
0.7953
0.6025
0.8862
0.3732
0.8656
0.4306
0.9072
0.3116
0.7937
0.6059
0.8835
0.3807
0.8724
0.4119
0.8963
0.3439
0.8348
0.5102
0.9246
0.2579
0.7081
0.7648
0.6657
0.8235
0.5379
0.9197
0.2733
0.7348
0.7210
0.7443
0.7042
0.7706
0.6540
0.8373
0.5041
0.9249
0.2569
0.7063
0.7675
0.6602
0.8300
0.5220
0.9232
0.2623
0.7159
0.7525
0.6892
0.7926
0.6082
0.8817
0.3860
0.8769
0.3993
0.8875
0.3696
0.8620
0.4400
0.9117
0.2979
0.7738
0.6476
0.8444
0.4860
0.9243
0.2590
0.7100
0.7618
0.6714
0.8163
0.5549
0.9138
0.2913
0.7639
0.6673
0.8214
0.5427
0.9182
0.2778
0.7423
0.7078
0.7652
0.6648
0.8245
0.5355
0.9203
0.2712
0.7314
0.7269
0.7345
0.7216
0.7433
