0.5000
0.9750
0.0951
0.3355
0.8695
0.4426
0.9622
0.1420
0.4751
0.9726
0.1040
0.3634
0.9023
0.3439
0.8799
0.4120
0.9448
0.2033
0.6317
0.9074
0.3278
0.8594
0.4712
0.9718
0.1070
0.3726
0.9117
0.3141
0.8402
0.5235
0.9728
0.1030
0.3604
0.8990
0.3540
0.8919
0.3760
0.9151
0.3031
0.8238
0.5662
0.9579
0.1572
0.5166
0.9739
0.0991
0.3480
0.8849
0.3971
0.9337
0.2414
0.7141
0.7962
0.6328
0.9062
0.3314
0.8641
0.4580
0.9681
0.1203
0.4128
0.9453
0.2015
0.6276
0.9115
0.3146
0.8410
0.5215
0.9732
0.1017
0.3564
0.8946
0.3677
0.9067
0.3299
0.8622
0.4634
0.9698
0.1143
0.3949
0.9319
0.2474
0.7261
0.7757
0.6786
0.8506
0.4955
0.9749
0.0954
0.3364
0.8706
0.4393
0.9606
0.1476
0.4906
0.9747
0.0963
0.3396
0.8746
0.4277
0.9546
0.1689
0.5475
0.9662
0.1274
0.4334
0.9577
0.1579
0.5187
0.9736
0.1001
0.3513
0.8888
0.3855
0.9238
0.2744
0.7766
0.6767
0.8532
0.4884
0.9745
0.0970
0.3416
0.8771
0.4203
0.9502
0.1845
0.5869
0.9455
0.2008
0.6259
0.9132
0.3092
0.8330
0.5426
0.9679
0.1210
0.4149
0.9468
0.1966
0.6160
0.9225
0.2788
0.7842
0.6600
0.8752
0.4261
0.9537
0.1723
0.5562
0.9627
0.1400
0.4696
0.9714
0.1083
0.3767
0.9157
0.3010
0.8206
0.5743
0.9535
0.1729
0.5578
0.9620
0.1427
0.4770
0.9729
0.1027
0.3593
0.8978
0.3578
0.8961
0.3630
0.9018
0.3453
0.8817
0.4068
0.9411
0.2161
0.6608
0.8742
0.4288
0.9553
0.1667
0.5418
0.9682
0.1201
0.4121
0.9449
0.2031
0.6311
0.9079
0.3260
0.8570
0.4780
0.9731
0.1020
0.3573
0.8956
0.3647
0.9036
0.3398
0.8749
0.4268
0.9541
0.1709
0.5525
0.9643
0.1344
0.4538
0.9667
0.1257
0.4285
0.9551
0.1674
0.5436
0.9676
0.1223
0.4187
0.9492
0.1881
0.5956
0.9394
0.2221
0.6737
0.8573
0.4771
0.9729
0.1026
0.3592
0.8977
0.3582
0.8965
0.3618
0.9005
0.3495
0.8866
0.3921
0.9296
0.2554
0.7416
0.7473
0.7365
0.7568
0.7178
0.7900
0.6471
0.8907
0.3798
0.9187
0.2914
0.8054
0.6114
0.9266
0.2651
0.7598
0.7117
0.8003
0.6234
0.9156
0.3013
0.8211
0.5729
0.9543
0.1702
0.5508
0.9649
0.1319
0.4466
0.9639
0.1357
0.4575
0.9679
0.1210
0.4149
0.9467
0.1966
0.6161
0.9224
0.2790
0.7845
0.6593
0.8760
0.4236
0.9522
0.1775
0.5693
0.9563
0.1631
0.5324
0.9709
0.1101
0.3822
0.9209
0.2841
0.7932
0.6396
0.8989
0.3543
0.8922
0.3751
0.9142
0.3059
0.8281
0.5553
0.9631
0.1387
0.4658
0.9704
0.1119
0.3875
0.9257
0.2684
0.7658
0.6995
0.8198
0.5762
0.9524
0.1769
0.5679
0.9570
0.1605
0.5255
0.9725
0.1044
0.3648
0.9037
0.3394
0.8744
0.4283
0.9550
0.1677
0.5443
0.9673
0.1232
0.4214
0.9509
0.1821
0.5809
0.9495
0.1872
0.5934
0.9410
0.2165
0.6615
0.8733
0.4316
0.9567
0.1614
0.5280
0.9719
0.1063
0.3706
0.9097
0.3204
0.8491
0.4996
0.9750
0.0951
0.3355
0.8695
0.4426
0.9622
0.1420
0.4752
0.9726
0.1039
0.3631
0.9020
0.3449
0.8812
0.4083
0.9422
0.2123
0.6522
0.8847
0.3979
0.9343
0.2392
0.7098
0.8033
0.6161
0.9224
0.2791
0.7847
0.6588
0.8766
0.4219
0.9512
0.1811
0.5783
0.9511
0.1815
0.5793
0.9505
0.1836
0.5846
0.9471
0.1955
0.6133
0.9249
0.2708
0.7702
0.6903
0.8337
0.5407
0.9686
0.1188
0.4082
0.9421
0.2126
0.6528
0.8839
0.4003
0.9362
0.2329
0.6968
0.8239
0.5657
0.9581
0.1564
0.5146
0.9742
0.0981
0.3452
0.8815
0.4074
0.9416
0.2146
0.6573
0.8785
0.4164
0.9477
0.1932
0.6079
0.9296
0.2553
0.7415
0.7475
0.7362
0.7574
0.7165
0.7921
0.6422
0.8962
0.3629
0.9017
0.3456
0.8821
0.4057
0.9403
0.2190
0.6670
0.8663
0.4517
0.9659
0.1284
0.4364
0.9592
0.1525
0.5041
0.9749
0.0953
0.3363
0.8704
0.4398
0.9609
0.1467
0.4881
0.9744
0.0971
0.3420
0.8776
0.4190
0.9494
0.1874
0.5938
0.9407
0.2177
0.6642
0.8698
0.4417
0.9617
0.1435
0.4793
0.9733
0.1012
0.3548
0.8928
0.3734
0.9125
0.3115
0.8364
0.5336
0.9706
0.1113
0.3857
0.9240
0.2738
0.7755
0.6790
0.8500
0.4972
0.9750
0.0952
0.3359
0.8699
0.4413
0.9615
0.1442
0.4813
0.9736
0.1001
0.3514
0.8888
0.3854
0.9237
0.2747
0.7770
0.6757
0.8547
0.4844
0.9741
0.0986
0.3465
0.8831
0.4026
0.9380
0.2268
0.6838
0.8432
0.5156
0.9740
0.0986
0.3466
0.8832
0.4023
0.9378
0.2276
0.6856
0.8406
0.5225
0.9730
0.1023
0.3583
0.8967
0.3613
0.8999
0.3512
0.8887
0.3859
0.9242
0.2733
0.7745
0.6811
0.8471
0.5052
0.9749
0.0955
0.3367
0.8710
0.4381
0.9600
0.1496
0.4962
0.9749
0.0953
0.3362
0.8703
0.4401
0.9610
0.1461
0.4865
0.9743
0.0977
0.3438
0.8799
0.4122
0.9449
0.2030
0.6309
0.9082
0.3252
0.8558
0.4813
0.9736
0.1001
0.3514
0.8889
0.3853
0.9237
0.2749
0.7774
0.6750
0.8556
0.4819
0.9737
0.0998
0.3504
0.8877
0.3886
0.9266
0.2651
0.7598
0.7117
0.8002
0.6235
0.9155
0.3017
0.8216
0.5717
0.9550
0.1677
0.5445
0.9673
0.1234
0.4219
0.9512
0.1810
0.5781
0.9512
0.1810
0.5781
0.9512
0.1810
0.5782
0.9512
0.1812
0.5786
0.9509
0.1820
0.5806
0.9497
0.1865
0.5916
0.9423
0.2122
0.6519
0.8850
0.3970
0.9336
0.2417
0.7148
0.7951
0.6353
0.9036
0.3399
0.8750
0.4266
0.9540
0.1712
0.5533
0.9639
0.1356
0.4572
0.9678
0.1214
0.4159
0.9474
0.1944
0.6107
0.9272
0.2633
0.7566
0.7182
0.7892
0.6487
0.8887
0.3856
0.9240
0.2739
0.7757
0.6786
0.8506
0.4957
0.9749
0.0953
0.3364
0.8706
0.4395
0.9607
0.1472
0.4896
0.9746
0.0966
0.3404
0.8757
0.4246
0.9528
0.1754
0.5640
0.9590
0.1533
0.5061
0.9749
0.0956
0.3372
0.8716
0.4364
0.9592
0.1525
0.5042
0.9749
0.0953
0.3363
0.8705
0.4397
0.9608
0.1468
0.4885
0.9745
0.0970
0.3415
0.8770
0.4207
0.9504
0.1837
0.5848
0.9470
0.1958
0.6142
0.9241
0.2734
0.7748
0.6805
0.8479
0.5030
0.9750
0.0952
0.3359
0.8700
0.4411
0.9615
0.1445
0.4821
0.9737
0.0997
0.3501
0.8873
0.3899
0.9277
0.2615
0.7532
0.7249
0.7777
0.6743
0.8565
0.4793
0.9733
0.1013
0.3549
0.8929
0.3730
0.9121
0.3128
0.8383
0.5287
0.9718
0.1069
0.3723
0.9114
0.3148
0.8412
0.5209
0.9733
0.1013
0.3552
0.8932
0.3720
0.9111
0.3158
0.8427
0.5170
0.9739
0.0992
0.3486
0.8856
0.3952
0.9322
0.2466
0.7245
0.7784
0.6727
0.8586
0.4733
0.9722
0.1053
0.3674
0.9064
0.3307
0.8633
0.4604
0.9689
0.1176
0.4047
0.9396
0.2213
0.6721
0.8595
0.4709
0.9717
0.1073
0.3735
0.9126
0.3111
0.8359
0.5350
0.9702
0.1126
0.3898
0.9276
0.2618
0.7538
0.7238
0.7796
0.6701
0.8622
0.4634
0.9698
0.1143
0.3949
0.9319
0.2474
0.7261
0.7756
0.6787
0.8505
0.4960
0.9749
0.0953
0.3362
0.8704
0.4399
0.9609
0.1464
0.4874
0.9744
0.0974
0.3427
0.8785
0.4162
0.9476
0.1936
0.6089
0.9287
0.2581
0.7468
0.7375
0.7551
0.7213
0.7841
0.6603
0.8748
0.4271
0.9542
0.1703
0.5510
0.9649
0.1322
0.4475
0.9642
0.1345
0.4540
0.9667
0.1254
0.4277
0.9546
0.1689
0.5475
0.9662
0.1274
0.4335
0.9578
0.1577
0.5181
0.9737
0.0998
0.3504
0.8877
0.3888
0.9268
0.2645
0.7587
0.7139
0.7966
0.6320
0.9071
0.3287
0.8606
0.4679
0.9710
0.1099
0.3816
0.9203
0.2861
0.7966
0.6320
0.9070
0.3289
0.8608
0.4673
0.9708
0.1105
0.3832
0.9218
0.2812
0.7883
0.6509
0.8862
0.3934
0.9307
0.2516
0.7343
0.7609
0.7096
0.8037
0.6153
0.9231
0.2768
0.7806
0.6678
0.8651
0.4550
0.9671
0.1241
0.4238
0.9524
0.1769
0.5679
0.9570
0.1605
0.5254
0.9725
0.1043
0.3644
0.9033
0.3406
0.8759
0.4239
0.9524
0.1767
0.5673
0.9574
0.1592
0.5221
0.9731
0.1021
0.3575
0.8958
0.3641
0.9030
0.3416
0.8771
0.4204
0.9503
0.1842
0.5862
0.9460
0.1991
0.6218
0.9171
0.2965
0.8135
0.5917
0.9422
0.2125
0.6526
0.8842
0.3995
0.9356
0.2351
0.7013
0.8170
0.5830
0.9481
0.1919
0.6047
0.9323
0.2463
0.7240
0.7794
0.6706
0.8615
0.4654
0.9703
0.1122
0.3886
0.9266
0.2653
0.7601
0.7111
0.8012
0.6213
0.9176
0.2948
0.8108
0.5983
0.9373
0.2292
0.6890
0.8356
0.5357
0.9700
0.1134
0.3920
0.9295
0.2556
0.7420
0.7466
0.7379
0.7543
0.7228
0.7815
0.6661
0.8675
0.4484
0.9646
0.1331
0.4501
0.9653
0.1307
0.4431
0.9624
0.1413
0.4731
0.9722
0.1055
0.3681
0.9071
0.3286
0.8604
0.4683
0.9711
0.1095
0.3803
0.9192
0.2898
0.8027
0.6176
0.9210
0.2836
0.7924
0.6415
0.8969
0.3607
0.8993
0.3532
0.8909
0.3789
0.9178
0.2941
0.8097
0.6010
0.9352
0.2362
0.7036
0.8134
0.5919
0.9420
0.2130
0.6537
0.8829
0.4033
0.9385
0.2250
0.6801
0.8486
0.5012
0.9750
0.0951
0.3356
0.8695
0.4424
0.9621
0.1423
0.4761
0.9728
0.1033
0.3612
0.8999
0.3513
0.8888
0.3854
0.9238
0.2745
0.7767
0.6763
0.8537
0.4870
0.9743
0.0975
0.3432
0.8791
0.4146
0.9465
0.1974
0.6179
0.9208
0.2844
0.7937
0.6386
0.9000
0.3509
0.8883
0.3871
0.9253
0.2696
0.7680
0.6948
0.8270
0.5581
0.9619
0.1431
0.4782
0.9732
0.1019
0.3569
0.8952
0.3660
0.9050
0.3354
0.8693
0.4430
0.9623
0.1413
0.4733
0.9722
0.1053
0.3675
0.9065
0.3304
0.8628
0.4616
0.9692
0.1163
0.4008
0.9366
0.2316
0.6940
0.8282
0.5550
0.9632
0.1382
0.4646
0.9701
0.1131
0.3912
0.9289
0.2577
0.7461
0.7388
0.7525
0.7263
0.7753
0.6795
0.8493
0.4991
0.9750
0.0951
0.3355
0.8695
0.4425
0.9621
0.1422
0.4757
0.9727
0.1036
0.3622
0.9009
0.3480
0.8849
0.3971
0.9337
0.2414
0.7141
0.7962
0.6327
0.9063
0.3312
0.8639
0.4585
0.9683
0.1198
0.4111
0.9442
0.2055
0.6368
0.9020
0.3448
0.8810
0.4088
0.9425
0.2112
0.6497
0.8876
0.3891
0.9271
0.2637
0.7573
0.7168
0.7916
0.6433
0.8949
0.3667
0.9057
0.3331
0.8663
0.4517
0.9659
0.1284
0.4365
0.9593
0.1523
0.5035
0.9750
0.0952
0.3360
0.8702
0.4406
0.9612
0.1453
0.4843
0.9740
0.0986
0.3467
0.8833
0.4019
0.9375
0.2285
0.6876
0.8378
0.5300
0.9715
0.1080
0.3757
0.9148
0.3040
0.8252
0.5625
0.9598
0.1506
0.4988
0.9750
0.0951
0.3356
0.8695
0.4424
0.9621
0.1424
0.4761
0.9728
0.1033
0.3612
0.8998
0.3515
0.8891
0.3847
0.9231
0.2767
0.7805
0.6681
0.8649
0.4558
0.9674
0.1230
0.4207
0.9505
0.1835
0.5844
0.9472
0.1950
0.6122
0.9259
0.2677
0.7645
0.7021
0.8158
0.5862
0.9460
0.1991
0.6218
0.9171
0.2965
0.8135
0.5917
0.9422
0.2124
0.6525
0.8843
0.3989
0.9351
0.2366
0.7044
0.8121
0.5951
0.9397
0.2210
0.6714
0.8604
0.4685
0.9711
0.1094
0.3799
0.9188
0.2911
0.8048
0.6126
0.9256
0.2687
0.7664
0.6982
0.8217
0.5713
0.9552
0.1670
0.5425
0.9680
0.1210
0.4147
0.9466
0.1970
0.6170
0.9216
0.2818
0.7893
0.6485
0.8890
0.3849
0.9234
0.2760
0.7793
0.6707
0.8614
0.4656
0.9704
0.1120
0.3880
0.9261
0.2671
0.7634
0.7045
0.8120
0.5954
0.9395
0.2218
0.6731
0.8582
0.4747
0.9725
0.1043
0.3642
0.9031
0.3413
0.8768
0.4213
0.9509
0.1822
0.5811
0.9493
0.1876
0.5945
0.9402
0.2193
0.6678
0.8652
0.4548
0.9670
0.1243
0.4246
0.9528
0.1753
0.5637
0.9592
0.1528
0.5048
0.9749
0.0954
0.3366
0.8708
0.4387
0.9603
0.1485
0.4933
0.9748
0.0957
0.3376
0.8721
0.4350
0.9585
0.1550
0.5108
0.9745
0.0967
0.3408
0.8761
0.4233
0.9521
0.1780
0.5706
0.9555
0.1657
0.5390
0.9691
0.1169
0.4027
0.9381
0.2265
0.6833
0.8439
0.5138
0.9743
0.0978
0.3441
0.8802
0.4112
0.9443
0.2053
0.6362
0.9026
0.3429
0.8787
0.4157
0.9473
0.1947
0.6115
0.9265
0.2656
0.7607
0.7099
0.8032
0.6165
0.9221
0.2801
0.7865
0.6549
0.8814
0.4076
0.9417
0.2142
0.6564
0.8796
0.4130
0.9455
0.2011
0.6265
0.9126
0.3111
0.8359
0.5350
0.9702
0.1127
0.3900
0.9278
0.2611
0.7524
0.7265
0.7750
0.6802
0.8484
0.5016
0.9750
0.0951
0.3356
0.8696
0.4422
0.9620
0.1427
0.4770
0.9729
0.1027
0.3593
0.8978
0.3577
0.8961
0.3632
0.9020
0.3446
0.8808
0.4094
0.9430
0.2096
0.6461
0.8918
0.3763
0.9154
0.3021
0.8223
0.5699
0.9560
0.1642
0.5352
0.9702
0.1128
0.3904
0.9281
0.2601
0.7505
0.7302
0.7684
0.6941
0.8281
0.5553
0.9631
0.1387
0.4658
0.9704
0.1119
0.3876
0.9257
0.2682
0.7655
0.7001
0.8188
0.5787
0.9509
0.1822
0.5811
0.9493
0.1875
0.5942
0.9404
0.2187
0.6663
0.8671
0.4494
0.9650
0.1316
0.4457
0.9635
0.1371
0.4614
0.9692
0.1164
0.4012
0.9369
0.2305
0.6918
0.8315
0.5464
0.9666
0.1259
0.4291
0.9554
0.1663
0.5406
0.9686
0.1188
0.4081
0.9421
0.2128
0.6532
0.8835
0.4016
0.9372
0.2295
0.6896
0.8348
0.5380
0.9694
0.1158
0.3992
0.9354
0.2358
0.7028
0.8147
0.5889
0.9442
0.2054
0.6366
0.9022
0.3441
0.8802
0.4111
0.9442
0.2055
0.6368
0.9020
0.3447
0.8809
0.4092
0.9428
0.2102
0.6475
0.8901
0.3814
0.9202
0.2865
0.7972
0.6304
0.9087
0.3237
0.8538
0.4868
0.9743
0.0976
0.3434
0.8793
0.4139
0.9461
0.1990
0.6216
0.9173
0.2958
0.8124
0.5944
0.9403
0.2191
0.6672
0.8659
0.4527
0.9663
0.1271
0.4326
0.9573
0.1595
0.5229
0.9729
0.1027
0.3592
0.8977
0.3580
0.8964
0.3621
0.9009
0.3482
0.8852
0.3964
0.9331
0.2433
0.7181
0.7896
0.6480
0.8896
0.3830
0.9216
0.2816
0.7890
0.6492
0.8882
0.3874
0.9256
0.2687
0.7664
0.6983
0.8216
0.5715
0.9550
0.1674
0.5437
0.9676
0.1224
0.4190
0.9494
0.1873
0.5937
0.9408
0.2173
0.6633
0.8711
0.4380
0.9600
0.1497
0.4964
0.9749
0.0953
0.3361
0.8702
0.4404
0.9612
0.1456
0.4852
0.9741
0.0982
0.3455
0.8819
0.4062
0.9407
0.2175
0.6637
0.8705
0.4397
0.9608
0.1467
0.4883
0.9745
0.0970
0.3417
0.8773
0.4199
0.9500
0.1854
0.5890
0.9441
0.2057
0.6372
0.9016
0.3459
0.8824
0.4047
0.9396
0.2214
0.6724
0.8591
0.4720
0.9719
0.1063
0.3707
0.9097
0.3202
0.8489
0.5001
0.9750
0.0951
0.3355
0.8695
0.4426
0.9622
0.1420
0.4751
0.9726
0.1040
0.3634
0.9022
0.3440
0.8801
0.4117
0.9446
0.2042
0.6338
0.9052
0.3346
0.8684
0.4458
0.9635
0.1370
0.4611
0.9691
0.1168
0.4024
0.9379
0.2273
0.6849
0.8416
0.5199
0.9735
0.1008
0.3534
0.8912
0.3782
0.9171
0.2964
0.8133
0.5922
0.9419
0.2135
0.6550
0.8813
0.4079
0.9419
0.2133
0.6544
0.8821
0.4057
0.9403
0.2189
0.6668
0.8665
0.4511
0.9657
0.1292
0.4389
0.9604
0.1483
0.4925
0.9748
0.0959
0.3381
0.8728
0.4331
0.9575
0.1585
0.5203
0.9734
0.1010
0.3541
0.8920
0.3757
0.9147
0.3042
0.8254
0.5620
0.9600
0.1497
0.4964
0.9750
0.0952
0.3361
0.8702
0.4405
0.9612
0.1455
0.4849
0.9741
0.0984
0.3459
0.8824
0.4048
0.9397
0.2211
0.6716
0.8602
0.4691
0.9713
0.1088
0.3783
0.9172
0.2961
0.8128
0.5934
0.9410
0.2166
0.6617
0.8730
0.4323
0.9571
0.1601
0.5243
0.9727
0.1036
0.3622
0.9009
0.3481
0.8850
0.3970
0.9336
0.2418
0.7150
0.7947
0.6363
0.9026
0.3429
0.8788
0.4155
0.9471
0.1953
0.6128
0.9253
0.2694
0.7676
0.6956
0.8257
0.5612
0.9604
0.1483
0.4926
0.9748
0.0959
0.3380
0.8727
0.4333
0.9577
0.1581
0.5191
0.9736
0.1003
0.3520
0.8895
0.3833
0.9218
0.2810
0.7879
0.6517
0.8853
0.3960
0.9329
0.2443
0.7200
0.7863
0.6554
0.8808
0.4095
0.9431
0.2093
0.6455
0.8924
0.3745
0.9136
0.3080
0.8312
0.5473
0.9663
0.1271
0.4326
0.9573
0.1594
0.5227
0.9730
0.1025
0.3587
0.8971
0.3600
0.8985
0.3556
0.8937
0.3707
0.9097
0.3202
0.8489
0.5002
0.9750
0.0951
0.3355
0.8695
0.4426
0.9622
0.1420
0.4751
0.9726
0.1040
0.3634
0.9022
0.3440
0.8801
0.4115
0.9445
0.2045
0.6344
0.9045
0.3368
0.8712
0.4377
0.9599
0.1502
0.4978
0.9750
0.0951
0.3357
0.8698
0.4418
0.9618
0.1433
0.4789
0.9733
0.1015
0.3556
0.8937
0.3705
0.9096
0.3208
0.8498
0.4979
0.9750
0.0951
0.3357
0.8697
0.4419
0.9618
0.1432
0.4784
0.9732
0.1018
0.3565
0.8947
0.3673
0.9064
0.3310
0.8636
0.4595
0.9686
0.1187
0.4078
0.9419
0.2135
0.6549
0.8815
0.4075
0.9416
0.2144
0.6570
0.8789
0.4150
0.9468
0.1963
0.6153
0.9231
0.2767
0.7805
0.6681
0.8648
0.4561
0.9675
0.1227
0.4198
0.9499
0.1855
0.5893
0.9439
0.2066
0.6393
0.8993
0.3532
0.8909
0.3791
0.9180
0.2937
0.8090
0.6027
0.9338
0.2410
0.7133
0.7976
0.6297
0.9094
0.3212
0.8504
0.4962
0.9749
0.0953
0.3362
0.8703
0.4402
0.9611
0.1459
0.4861
0.9742
0.0979
0.3443
0.8805
0.4104
0.9437
0.2073
0.6409
0.8976
0.3585
0.8969
0.3608
0.8994
0.3529
0.8906
0.3800
0.9188
0.2909
0.8046
0.6132
0.9250
0.2706
0.7698
0.6911
0.8326
0.5436
0.9676
0.1223
0.4187
0.9492
0.1879
0.5952
0.9397
0.2211
0.6717
0.8600
0.4696
0.9714
0.1084
0.3769
0.9159
0.3005
0.8197
0.5763
0.9523
0.1772
0.5686
0.9567
0.1617
0.5286
0.9718
0.1068
0.3721
0.9112
0.3156
0.8424
0.5177
0.9738
0.0996
0.3497
0.8869
0.3912
0.9289
0.2577
0.7460
0.7389
0.7524
0.7266
0.7747
0.6807
0.8476
0.5037
0.9749
0.0953
0.3361
0.8703
0.4403
0.9611
0.1458
0.4857
0.9742
0.0980
0.3448
0.8810
0.4088
0.9426
0.2110
0.6493
0.8880
0.3878
0.9259
0.2675
0.7642
0.7028
0.8147
0.5889
0.9442
0.2054
0.6366
0.9022
0.3441
0.8802
0.4111
0.9442
0.2055
0.6368
0.9020
0.3448
0.8811
0.4087
0.9425
0.2114
0.6503
0.8870
0.3910
0.9287
0.2582
0.7471
0.7369
0.7560
0.7193
0.7874
0.6529
0.8838
0.4006
0.9364
0.2322
0.6952
0.8264
0.5596
0.9611
0.1457
0.4854
0.9742
0.0982
0.3452
0.8816
0.4071
0.9414
0.2153
0.6588
0.8766
0.4218
0.9511
0.1813
0.5788
0.9508
0.1826
0.5820
0.9488
0.1895
0.5991
0.9367
0.2312
0.6932
0.8294
0.5519
0.9645
0.1336
0.4514
0.9658
0.1289
0.4379
0.9599
0.1500
0.4971
0.9750
0.0952
0.3359
0.8699
0.4413
0.9615
0.1442
0.4814
0.9736
0.1001
0.3512
0.8887
0.3858
0.9241
0.2734
0.7748
0.6806
0.8478
0.5031
0.9750
0.0952
0.3359
0.8700
0.4410
0.9614
0.1447
0.4826
0.9738
0.0994
0.3492
0.8863
0.3929
0.9302
0.2531
0.7372
0.7555
0.7204
0.7855
0.6570
0.8788
0.4154
0.9471
0.1955
0.6134
0.9248
0.2712
0.7708
0.6890
0.8356
0.5357
0.9700
0.1134
0.3920
0.9295
0.2554
0.7417
0.7471
0.7369
0.7562
0.7190
0.7879
0.6518
0.8852
0.3964
0.9331
0.2433
0.7180
0.7897
0.6477
0.8899
0.3822
0.9209
0.2842
0.7933
0.6395
0.8991
0.3537
0.8916
0.3770
0.9160
0.3001
0.8191
0.5778
0.9514
0.1804
0.5767
0.9521
0.1780
0.5706
0.9556
0.1656
0.5388
0.9691
0.1166
0.4019
0.9374
0.2287
0.6880
0.8371
0.5318
0.9711
0.1096
0.3806
0.9194
0.2891
0.8016
0.6203
0.9186
0.2916
0.8056
0.6107
0.9272
0.2633
0.7565
0.7185
0.7889
0.6495
0.8878
0.3885
0.9265
0.2657
0.7609
0.7096
0.8036
0.6154
0.9230
0.2771
0.7812
0.6667
0.8666
0.4508
0.9655
0.1297
0.4404
0.9611
0.1457
0.4854
0.9742
0.0981
0.3451
0.8815
0.4075
0.9416
0.2143
0.6567
0.8793
0.4140
0.9462
0.1986
0.6207
0.9182
0.2931
0.8080
0.6051
0.9319
0.2474
0.7261
0.7756
0.6789
0.8502
0.4967
0.9750
0.0952
0.3360
0.8701
0.4408
0.9613
0.1450
0.4836
0.9739
0.0990
0.3478
0.8846
0.3981
0.9345
0.2387
0.7086
0.8053
0.6116
0.9264
0.2658
0.7611
0.7092
0.8043
0.6139
0.9244
0.2725
0.7731
0.6841
0.8428
0.5167
0.9739
0.0991
0.3481
0.8850
0.3969
0.9336
0.2419
0.7152
0.7943
0.6372
0.9016
0.3460
0.8825
0.4045
0.9394
0.2220
0.6735
0.8576
0.4764
0.9728
0.1031
0.3607
0.8993
0.3531
0.8909
0.3792
0.9181
0.2933
0.8083
0.6042
0.9327
0.2449
0.7213
0.7840
0.6604
0.8746
0.4277
0.9546
0.1690
0.5477
0.9661
0.1277
0.4343
0.9582
0.1563
0.5144
0.9742
0.0981
0.3449
0.8812
0.4083
0.9422
0.2125
0.6526
0.8842
0.3992
0.9354
0.2356
0.7024
0.8152
0.5876
0.9451
0.2025
0.6298
0.9093
0.3216
0.8508
0.4950
0.9749
0.0954
0.3366
0.8709
0.4385
0.9602
0.1489
0.4943
0.9749
0.0955
0.3370
0.8713
0.4372
0.9596
0.1511
0.5002
0.9750
0.0951
0.3355
0.8695
0.4426
0.9622
0.1420
0.4751
0.9726
0.1040
0.3634
0.9022
0.3441
0.8802
0.4112
0.9443
0.2053
0.6362
0.9026
0.3428
0.8787
0.4158
0.9473
0.1946
0.6113
0.9267
0.2651
0.7597
0.7119
0.7999
0.6243
0.9148
0.3041
0.8253
0.5623
0.9599
0.1502
0.4978
0.9750
0.0951
0.3357
0.8697
0.4418
0.9618
0.1433
0.4787
0.9732
0.1016
0.3560
0.8942
0.3691
0.9082
0.3253
0.8559
0.4809
0.9736
0.1003
0.3520
0.8896
0.3830
0.9216
0.2817
0.7891
0.6490
0.8884
0.3866
0.9248
0.2711
0.7706
0.6894
0.8351
0.5371
0.9696
0.1148
0.3964
0.9331
0.2433
0.7181
0.7896
0.6480
0.8896
0.3832
0.9218
0.2813
0.7884
0.6507
0.8865
0.3925
0.9299
0.2541
0.7392
0.7519
0.7276
0.7729
0.6845
0.8423
0.5181
0.9737
0.0998
0.3503
0.8876
0.3891
0.9271
0.2637
0.7573
0.7169
0.7916
0.6434
0.8948
0.3671
0.9062
0.3317
0.8645
0.4569
0.9678
0.1217
0.4167
0.9480
0.1924
0.6060
0.9312
0.2499
0.7310
0.7669
0.6973
0.8233
0.5675
0.9572
0.1596
0.5231
0.9729
0.1028
0.3597
0.8982
0.3566
0.8948
0.3671
0.9061
0.3319
0.8648
0.4561
0.9675
0.1227
0.4200
0.9500
0.1852
0.5885
0.9445
0.2046
0.6347
0.9042
0.3377
0.8723
0.4346
0.9583
0.1559
0.5131
0.9743
0.0975
0.3433
0.8793
0.4140
0.9462
0.1987
0.6209
0.9180
0.2936
0.8088
0.6031
0.9335
0.2419
0.7153
0.7942
0.6374
0.9014
0.3466
0.8832
0.4022
0.9377
0.2279
0.6863
0.8397
0.5249
0.9726
0.1040
0.3635
0.9023
0.3437
0.8797
0.4128
0.9453
0.2016
0.6276
0.9115
0.3147
0.8410
0.5214
0.9732
0.1017
0.3562
0.8944
0.3684
0.9074
0.3276
0.8591
0.4722
0.9720
0.1062
0.3701
0.9092
0.3219
0.8512
0.4939
0.9749
0.0956
0.3372
0.8717
0.4363
0.9592
0.1527
0.5046
0.9749
0.0954
0.3365
0.8707
0.4390
0.9605
0.1480
0.4917
0.9747
0.0961
0.3387
0.8735
0.4310
0.9564
0.1625
0.5308
0.9713
0.1087
0.3779
0.9169
0.2973
0.8148
0.5886
0.9444
0.2048
0.6352
0.9037
0.3393
0.8742
0.4288
0.9552
0.1668
0.5421
0.9681
0.1205
0.4132
0.9456
0.2005
0.6252
0.9139
0.3070
0.8297
0.5510
0.9649
0.1322
0.4474
0.9642
0.1346
0.4544
0.9669
0.1249
0.4262
0.9538
0.1720
0.5554
0.9630
0.1388
0.4663
0.9706
0.1114
0.3860
0.9243
0.2729
0.7738
0.6826
0.8449
0.5111
0.9745
0.0968
0.3411
0.8765
0.4221
0.9514
0.1805
0.5769
0.9520
0.1784
0.5716
0.9550
0.1675
0.5438
0.9675
0.1226
0.4195
0.9498
0.1861
0.5907
0.9429
0.2100
0.6470
0.8908
0.3795
0.9184
0.2923
0.8067
0.6081
0.9295
0.2557
0.7422
0.7462
0.7386
0.7530
0.7255
0.7768
0.6763
0.8538
0.4868
0.9743
0.0976
0.3435
0.8794
0.4135
0.9458
0.1999
0.6237
0.9154
0.3021
0.8223
0.5699
0.9560
0.1642
0.5352
0.9702
0.1129
0.3906
0.9283
0.2594
0.7493
0.7327
0.7638
0.7035
0.8135
0.5917
0.9422
0.2125
0.6526
0.8842
0.3993
0.9355
0.2354
0.7020
0.8158
0.5860
0.9461
0.1988
0.6211
0.9178
0.2943
0.8099
0.6003
0.9357
0.2345
0.7002
0.8187
0.5789
0.9507
0.1826
0.5822
0.9487
0.1899
0.6000
0.9360
0.2336
0.6982
0.8219
0.5710
0.9554
0.1663
0.5408
0.9685
0.1189
0.4087
0.9425
0.2114
0.6501
0.8872
0.3904
0.9281
0.2601
0.7505
0.7302
0.7683
0.6943
0.8278
0.5560
0.9628
0.1398
0.4689
0.9712
0.1090
0.3788
0.9177
0.2945
0.8103
0.5996
0.9363
0.2326
0.6961
0.8251
0.5628
0.9596
0.1512
0.5005
0.9750
0.0951
0.3355
0.8695
0.4426
0.9621
0.1420
0.4753
0.9726
0.1039
0.3630
0.9018
0.3453
0.8816
0.4070
0.9413
0.2155
0.6593
0.8760
0.4236
0.9523
0.1773
0.5688
0.9565
0.1622
0.5299
0.9715
0.1080
0.3756
0.9147
0.3044
0.8258
0.5612
0.9604
0.1483
0.4925
0.9748
0.0959
0.3381
0.8727
0.4332
0.9576
0.1583
0.5198
0.9735
0.1007
0.3532
0.8909
0.3790
0.9179
0.2940
0.8095
0.6014
0.9349
0.2372
0.7057
0.8099
0.6004
0.9357
0.2347
0.7004
0.8183
0.5798
0.9502
0.1846
0.5871
0.9454
0.2012
0.6269
0.9122
0.3124
0.8377
0.5302
0.9714
0.1082
0.3764
0.9154
0.3020
0.8221
0.5703
0.9557
0.1649
0.5372
0.9696
0.1149
0.3966
0.9333
0.2427
0.7167
0.7918
0.6429
0.8953
0.3654
0.9044
0.3372
0.8717
0.4362
0.9591
0.1529
0.5052
0.9749
0.0955
0.3367
0.8710
0.4381
0.9601
0.1495
0.4960
0.9749
0.0953
0.3362
