0.359
0.516
0.664
0.555
0.672
0.531
0.664
0.531
0.664
0.477
0.680
0.609
0.602
0.617
0.484
0.680
0.516
0.664
0.555
0.648
0.539
0.664
0.602
0.594
0.602
0.516
0.672
0.516
0.680
0.602
0.609
0.586
0.586
0.594
0.602
0.586
0.586
0.547
0.641
0.531
0.680
0.539
0.688
0.523
0.664
0.531
0.875
0.516
0.742
0.641
0.602
0.609
0.570
0.586
0.602
0.523
0.648
0.523
0.562
0.547
0.656
0.492
0.398
0.453
0.508
0.492
0.484
0.469
0.430
0.461
0.430
0.445
0.445
0.500
0.461
0.492
0.469
0.484
0.500
0.484
0.523
0.492
0.477
0.484
0.508
0.578
0.602
0.500
0.617
0.516
0.906
0.484
0.891
0.500
0.828
0.492
0.742
0.523
0.703
0.523
0.727
0.484
0.742
0.500
0.688
0.625
0.578
0.594
0.578
0.531
0.641
0.508
0.656
0.508
0.656
0.516
0.664
0.492
0.719
0.484
0.695
0.453
0.734
0.453
0.727
0.453
0.672
0.539
0.656
0.531
0.641
0.500
0.703
0.484
0.727
0.484
0.711
0.445
0.703
0.430
0.711
0.477
0.609
0.578
0.562
0.500
0.602
0.508
0.625
0.484
0.609
0.555
0.555
0.523
0.570
0.508
0.594
0.500
0.664
0.422
0.680
0.562
0.562
0.555
0.398
0.664
0.453
0.688
0.484
0.617
0.539
0.602
0.523
0.602
0.508
0.625
0.508
0.648
0.508
0.656
0.508
0.625
0.539
0.617
0.500
0.367
0.820
0.484
0.703
0.523
0.641
0.484
0.648
0.508
0.648
0.594
0.555
0.562
0.570
0.555
0.555
0.555
0.617
0.484
0.477
0.609
0.555
0.547
0.547
0.547
0.547
0.547
0.547
0.539
0.539
0.547
0.547
0.531
0.562
0.484
0.602
0.516
0.586
0.508
0.586
0.531
0.602
0.477
0.617
0.484
0.633
0.492
0.641
0.477
0.625
0.500
0.633
0.492
0.633
0.516
0.625
0.500
0.641
0.484
0.648
0.547
0.586
0.508
0.625
0.500
0.617
0.531
0.539
0.516
0.680
0.469
0.602
0.516
0.625
0.492
0.633
0.516
0.617
0.508
0.602
0.562
0.570
0.547
0.555
0.539
0.578
0.492
0.617
0.516
0.617
0.500
0.641
0.508
0.656
0.484
0.664
0.516
0.648
0.508
0.656
0.531
0.680
0.508
0.648
0.508
0.703
0.484
0.680
0.523
0.656
0.523
0.727
0.445
0.750
0.453
0.734
0.445
0.727
0.453
0.719
0.453
0.711
0.578
0.578
0.570
0.578
0.477
0.664
0.438
0.695
0.438
0.656
0.523
0.633
0.578
0.586
0.523
0.617
0.523
0.625
0.523
0.641
0.492
0.672
0.516
0.664
0.594
0.594
0.578
0.602
0.570
0.602
0.570
0.602
0.641
0.531
0.586
0.594
0.492
0.664
0.539
0.750
0.500
0.742
0.523
0.766
0.516
0.750
0.531
0.688
0.539
0.695
0.523
0.688
0.523
0.695
0.586
0.594
0.594
0.578
0.586
0.578
0.594
0.586
0.594
0.594
0.523
0.672
0.500
0.734
0.508
0.742
0.523
0.734
0.523
0.727
0.531
0.727
0.523
0.727
0.539
0.672
0.523
0.695
0.547
0.648
0.539
0.648
0.516
0.664
0.508
0.672
0.523
0.664
0.523
0.656
0.539
0.625
0.508
0.664
0.531
0.641
0.508
0.680
0.508
0.648
0.516
0.688
0.523
0.664
0.500
0.711
0.469
0.672
0.594
0.594
0.594
0.578
0.516
0.664
0.492
0.766
0.469
0.742
0.453
0.773
0.398
0.711
0.508
0.734
0.500
0.734
0.516
0.711
0.523
0.688
0.531
0.641
0.523
0.688
0.578
0.578
0.586
0.578
0.570
0.594
0.570
0.570
0.516
0.648
0.508
0.664
0.523
0.672
0.508
0.688
0.523
0.672
0.547
0.672
0.516
0.695
0.609
0.586
0.641
0.586
0.469
0.672
0.578
0.586
0.586
0.594
0.445
0.664
0.508
0.703
0.523
0.688
0.594
0.609
0.531
0.672
0.539
0.672
0.500
0.727
0.516
0.727
0.539
0.719
0.531
0.719
0.516
0.836
0.516
0.898
0.461
0.750
0.547
0.719
0.562
0.672
0.531
0.688
0.555
0.648
0.508
0.734
0.500
0.703
0.531
0.648
0.500
0.742
0.516
0.703
0.609
0.570
0.570
0.586
0.531
0.609
0.523
0.742
0.516
0.742
0.516
0.719
0.523
0.711
0.531
0.750
0.453
0.766
0.602
0.617
0.562
0.625
0.453
0.734
0.500
0.734
0.500
0.727
0.500
0.375
0.422
0.750
0.484
0.859
0.508
0.797
0.492
0.719
0.539
0.688
0.555
0.664
0.523
0.672
0.508
0.688
0.508
0.680
0.602
0.609
0.578
0.578
0.523
0.641
0.500
0.680
0.516
0.672
0.492
0.758
0.453
0.688
0.586
0.602
0.586
0.578
0.586
0.594
0.531
0.641
0.500
0.703
0.523
0.719
0.500
0.719
0.531
0.719
0.656
0.562
0.609
0.609
0.594
0.609
0.523
0.711
0.484
0.758
0.516
0.758
0.500
0.727
0.539
0.727
0.516
0.711
0.539
0.688
0.516
0.695
0.523
0.688
0.516
0.695
0.523
0.648
0.602
0.578
0.578
0.586
0.648
0.578
0.586
0.594
0.438
0.750
0.445
0.719
0.523
0.734
0.539
0.695
0.531
0.734
0.562
0.672
0.516
0.719
0.539
0.719
0.531
0.633
0.516
0.812
0.500
0.797
0.523
0.734
0.547
0.688
0.625
0.578
0.508
0.688
0.492
0.680
0.578
0.594
0.516
0.703
0.461
0.711
0.438
0.734
0.469
0.727
0.445
0.734
0.445
0.727
0.461
0.688
0.570
0.578
0.570
0.570
0.578
0.578
0.555
0.586
0.469
0.664
0.492
0.688
0.625
0.609
0.594
0.578
0.602
0.602
0.594
0.562
0.609
0.617
0.617
0.625
0.625
0.633
0.680
0.594
0.625
0.664
0.648
0.664
0.664
0.711
0.680
0.672
0.656
0.648
0.664
0.602
0.711
0.609
0.664
0.672
0.656
0.672
0.672
0.672
0.672
0.672
0.672
0.680
0.672
0.672
0.695
0.680
0.672
0.695
0.688
0.688
0.680
0.695
0.742
0.633
0.695
0.688
0.688
0.750
0.641
0.695
0.711
0.703
0.711
0.719
0.727
0.773
0.680
0.727
0.742
0.742
0.742
0.750
0.742
0.750
0.750
0.750
0.750
0.758
0.758
0.750
0.766
0.766
0.766
0.766
0.773
0.758
0.820
0.703
0.773
0.820
0.719
0.758
0.766
0.750
0.773
0.766
0.766
0.766
0.773
0.781
0.773
0.797
0.797
0.781
0.797
0.766
0.812
0.773
0.836
0.719
0.766
0.789
0.773
0.781
0.766
0.781
0.828
0.719
0.773
0.820
0.719
0.836
0.781
0.789
0.797
0.789
0.797
0.789
0.781
0.797
0.734
0.789
0.781
0.805
0.812
0.805
0.820
0.812
0.805
0.820
0.820
0.820
0.820
0.820
0.828
0.547
0.703
0.539
1.102
0.539
1.148
0.539
0.695
1.039
0.820
0.812
0.797
0.820
0.828
0.828
0.844
0.844
0.859
0.867
0.867
0.883
0.867
0.891
0.891
0.898
0.875
0.883
0.883
0.852
0.852
0.859
0.844
0.836
0.844
0.844
0.836
0.820
0.820
0.836
0.555
0.688
0.867
0.906
0.766
0.789
0.797
0.789
0.789
0.789
0.789
0.852
0.750
0.797
0.797
0.820
0.820
0.812
0.812
0.883
0.820
0.820
0.820
0.820
0.805
0.812
0.812
0.805
0.812
0.812
0.805
0.750
0.828
0.797
0.812
0.812
0.773
0.789
0.836
0.781
0.781
0.773
0.492
1.164
0.477
1.078
0.539
0.992
0.742
0.758
0.766
0.492
0.711
0.500
1.055
0.547
0.695
0.711
0.812
0.820
0.781
0.930
0.875
0.844
0.789
0.828
0.844
0.836
0.836
0.852
0.844
0.844
0.836
0.836
0.828
0.836
0.820
0.820
0.828
0.820
0.875
0.828
0.820
0.812
0.812
0.750
0.805
0.812
0.805
0.828
0.820
0.812
0.820
0.820
0.812
0.812
0.805
0.805
0.797
0.805
0.805
0.789
0.805
0.797
0.797
0.805
0.812
0.797
0.797
0.805
0.812
0.797
0.805
0.812
0.812
0.820
0.805
0.820
0.867
0.820
0.812
0.812
0.820
0.805
0.742
0.797
0.789
0.797
0.797
0.797
0.805
0.820
0.820
0.812
0.828
0.812
0.836
0.828
0.820
0.828
0.820
0.812
0.820
0.820
0.805
0.797
0.812
0.781
0.844
0.727
0.789
0.781
0.844
0.781
0.781
0.789
0.766
0.742
0.789
0.727
0.727
0.750
0.789
0.688
0.781
0.523
1.180
0.477
1.109
0.531
1.023
0.781
0.766
0.773
0.781
0.789
0.789
0.812
0.805
0.812
0.812
0.812
0.820
0.820
0.820
0.828
0.820
0.828
0.828
0.812
0.805
0.875
0.750
0.805
0.820
0.805
0.805
0.805
0.812
0.812
0.820
0.812
0.805
0.828
0.805
0.812
0.812
0.820
0.805
0.820
0.812
0.812
0.820
0.828
0.812
0.836
0.828
0.812
0.852
0.828
0.836
0.836
0.844
0.836
0.828
0.820
0.836
0.820
0.812
0.797
0.805
0.789
0.797
0.789
0.805
0.789
0.805
0.797
0.805
0.805
0.812
0.820
0.867
0.750
0.820
0.797
0.820
0.812
0.828
0.492
0.742
0.570
0.711
0.867
0.883
0.867
0.844
0.836
0.836
0.852
0.836
0.844
0.852
0.844
0.844
0.852
0.828
0.828
0.844
0.836
0.820
0.852
0.828
0.836
0.828
0.812
0.836
0.812
0.812
0.812
0.812
0.805
0.812
0.805
0.828
0.805
0.828
0.805
0.828
0.828
0.812
0.828
0.836
0.836
0.836
0.820
0.844
0.828
0.836
0.844
0.828
0.844
0.844
0.836
0.844
0.828
0.844
0.836
0.836
0.828
0.828
0.828
0.828
0.812
0.828
0.820
0.836
0.812
0.828
0.828
0.828
0.562
0.766
0.898
0.891
0.828
0.820
0.820
0.820
0.820
0.828
0.820
0.805
0.820
0.805
0.820
0.820
0.805
0.812
0.812
0.820
0.555
0.711
0.578
0.523
0.539
0.719
0.953
0.648
0.891
0.766
0.703
0.859
0.875
0.852
0.844
0.836
0.844
0.844
0.844
0.844
0.828
0.836
0.820
0.820
0.805
0.820
0.812
0.797
0.805
0.805
0.805
0.797
0.805
0.797
0.797
0.805
0.805
0.812
0.805
0.797
0.797
0.805
0.805
0.805
0.812
0.828
0.828
0.820
0.836
0.820
0.820
0.812
0.820
0.812
0.789
0.820
0.805
0.797
0.805
0.805
0.805
0.805
0.789
0.805
0.781
0.789
0.844
0.773
0.500
0.562
0.469
0.828
0.789
0.711
0.797
0.766
0.781
0.781
0.773
0.773
0.773
0.773
0.758
0.766
0.773
0.750
0.766
0.766
0.758
0.758
0.766
0.766
0.758
0.773
0.750
0.773
0.766
0.773
0.828
0.781
0.781
0.781
0.484
1.148
0.484
1.109
0.781
0.789
0.766
0.789
0.766
0.766
0.781
0.773
0.773
0.781
0.539
0.711
0.492
0.812
0.836
0.805
0.789
0.789
0.797
0.789
0.805
0.805
0.805
0.812
0.805
0.812
0.805
0.812
0.797
0.789
0.805
0.781
0.789
0.797
0.805
0.539
0.570
0.570
1.188
0.523
1.133
0.547
1.039
0.789
0.781
0.781
0.781
0.781
0.781
0.789
0.781
0.805
0.812
0.812
0.805
0.820
0.820
0.820
0.836
0.852
0.828
0.836
0.828
0.836
0.836
0.820
0.828
0.820
0.820
0.820
0.828
0.812
0.812
0.828
0.820
0.820
0.805
0.820
0.812
0.812
0.820
0.820
0.828
0.812
0.820
0.820
0.828
0.812
0.820
0.820
0.805
0.828
0.812
0.828
0.805
0.828
0.820
0.805
0.812
0.828
0.805
0.812
0.805
0.867
0.812
0.820
0.797
0.797
0.797
0.789
0.797
0.789
0.797
0.805
0.797
0.789
0.742
0.781
0.797
0.781
0.797
0.789
0.789
0.789
0.789
0.781
0.789
0.789
0.773
0.781
0.781
0.789
0.844
0.789
0.766
0.781
0.758
0.750
0.742
0.766
0.750
0.758
0.766
0.773
0.773
0.773
0.773
0.789
0.727
0.781
0.789
0.789
0.781
0.789
0.789
0.781
0.781
0.781
0.773
0.766
0.773
0.773
0.758
0.766
0.766
0.758
0.773
0.766
0.766
0.773
0.781
0.766
0.773
0.773
0.773
0.758
0.766
0.781
0.766
0.766
0.773
0.773
0.773
0.781
0.773
0.781
0.781
0.781
0.781
0.773
0.781
0.797
0.781
0.766
0.781
0.781
0.781
0.773
0.789
0.766
0.789
0.789
0.609
0.930
0.797
0.773
0.789
0.781
0.766
0.773
0.789
0.828
0.766
0.766
0.773
0.773
0.703
0.781
0.773
0.758
0.766
0.789
0.773
0.750
0.773
0.766
0.766
0.758
0.758
0.766
0.758
0.773
0.758
0.758
0.766
0.781
0.758
0.766
0.773
0.758
0.758
0.781
0.773
0.773
0.781
0.781
0.789
0.789
0.789
0.781
0.805
0.789
0.781
0.797
0.797
0.781
0.781
0.789
0.766
0.773
0.773
0.758
0.766
0.766
0.766
0.758
0.773
0.766
0.773
0.773
0.773
0.781
0.781
0.773
0.789
0.781
0.797
0.781
0.781
0.789
0.781
0.773
0.781
0.836
0.773
0.773
0.773
0.773
0.773
0.711
0.773
0.766
0.773
0.766
0.773
0.766
0.758
0.758
0.766
0.766
0.773
0.766
0.766
0.773
0.758
0.773
0.758
0.773
0.773
0.758
0.773
0.758
0.758
0.766
0.758
0.766
0.758
0.758
0.758
0.750
0.758
0.742
0.766
0.750
0.750
0.758
0.758
0.758
0.750
0.758
0.750
0.750
0.758
0.742
0.750
0.750
0.742
0.750
0.750
0.742
0.750
0.750
0.766
0.750
0.758
0.781
0.766
0.836
0.766
0.781
0.773
0.773
0.766
0.773
0.711
0.773
0.773
0.773
0.773
0.781
0.766
0.781
0.773
0.797
0.820
0.766
0.766
0.766
0.758
0.758
0.742
0.758
0.750
0.742
0.742
0.742
0.750
0.750
0.742
0.742
0.742
0.734
0.742
0.734
0.734
0.734
0.727
0.680
0.734
0.742
0.734
0.750
0.750
0.742
0.750
0.758
0.750
0.750
0.758
0.766
0.758
0.828
0.758
0.758
0.766
0.758
0.750
0.742
0.734
0.750
0.680
0.742
0.742
0.742
0.742
0.750
0.742
0.750
0.758
0.750
0.758
0.766
0.773
0.766
0.773
0.773
0.766
0.766
0.766
0.750
0.758
0.750
0.750
0.750
0.750
0.758
0.750
0.758
0.758
0.766
0.758
0.758
0.758
0.766
0.758
0.773
0.766
0.766
0.750
0.766
0.766
0.750
0.680
0.836
0.750
0.781
0.750
0.750
0.758
0.766
0.750
0.750
0.758
0.758
0.750
0.758
0.758
0.750
0.750
0.758
0.766
0.758
0.758
0.758
0.758
0.766
0.758
0.758
0.758
0.766
0.766
0.758
0.750
0.758
0.766
0.766
0.758
0.766
0.766
0.766
0.758
0.766
0.773
0.766
0.766
0.766
0.766
0.766
0.758
0.766
0.773
0.766
0.773
0.758
0.773
0.758
0.758
0.758
0.750
0.742
0.750
0.734
0.750
0.734
0.742
0.742
0.734
0.742
0.742
0.742
0.742
0.742
0.742
0.742
0.742
0.734
0.750
0.742
0.742
0.742
0.742
0.742
0.750
0.750
0.742
0.750
0.750
0.742
0.758
0.750
0.758
0.750
0.750
0.758
0.758
0.750
0.758
0.758
0.766
0.750
0.758
0.766
0.758
0.773
0.773
0.781
0.766
0.773
0.766
0.766
0.781
0.773
0.766
0.766
0.758
0.758
0.758
0.750
0.750
0.750
0.750
0.750
0.750
0.750
0.750
0.750
0.750
0.750
0.750
0.750
0.750
0.750
0.742
0.742
0.742
0.727
0.727
0.727
0.727
0.578
0.875
0.719
0.727
0.727
0.727
0.734
0.734
0.742
0.742
0.742
0.750
0.750
0.750
0.750
0.750
0.750
0.766
0.758
0.750
0.766
0.766
0.758
0.758
0.766
0.750
0.758
0.750
0.750
0.750
0.750
0.750
0.758
0.750
0.758
0.758
0.758
0.766
0.750
0.766
0.766
0.766
0.773
0.773
0.781
0.766
0.773
0.773
0.766
0.766
0.773
0.766
0.766
0.766
0.766
0.773
0.750
0.758
0.750
0.750
0.750
0.742
0.742
0.734
0.750
0.734
0.742
0.727
0.734
0.734
0.734
0.742
0.734
0.727
0.734
0.734
0.727
0.734
0.734
0.734
0.734
0.742
0.742
0.742
0.750
0.750
0.766
0.758
0.758
0.773
0.781
0.781
0.773
0.773
0.773
0.773
0.773
0.766
0.758
0.750
0.758
0.750
0.758
0.750
0.750
0.750
0.742
0.750
0.750
0.750
0.750
0.750
0.750
0.750
0.750
0.750
0.750
0.750
0.750
0.742
0.750
0.742
0.742
0.742
0.750
0.742
0.750
0.758
0.758
0.758
0.750
0.758
0.766
0.758
0.758
0.758
0.758
0.758
0.758
0.750
0.766
0.742
0.766
0.750
0.750
0.766
0.750
0.758
0.766
0.758
0.766
0.758
0.758
0.766
0.773
0.758
0.773
0.758
0.758
0.758
0.773
0.734
0.758
0.758
0.766
0.742
0.758
0.742
0.734
0.750
0.750
0.750
0.750
0.750
0.750
0.750
0.758
0.750
0.758
0.750
0.766
0.758
0.766
0.758
0.758
0.758
0.758
0.758
0.750
0.758
0.750
0.750
0.750
0.742
0.750
0.742
0.750
0.734
0.734
0.742
0.742
0.742
0.734
0.750
0.742
0.734
0.742
0.742
0.734
0.742
0.734
0.734
0.742
0.734
0.734
0.742
0.734
0.727
0.727
0.742
0.727
0.727
0.734
0.727
0.734
0.727
0.734
0.727
0.734
0.742
0.742
0.750
0.750
0.750
0.766
0.766
0.758
0.758
0.773
0.766
0.766
0.766
0.766
0.766
0.758
0.766
0.758
0.758
0.758
0.766
0.758
0.758
0.758
0.758
0.758
0.758
0.766
0.758
0.758
0.758
0.758
0.758
0.758
0.750
0.758
0.758
0.750
0.758
0.750
0.750
0.750
0.758
0.750
0.758
0.758
0.758
0.758
0.758
0.750
0.758
0.750
0.742
0.742
0.750
0.742
0.734
0.742
0.742
0.734
0.742
0.742
0.734
0.734
0.742
0.734
0.742
0.734
0.727
0.734
0.734
0.719
0.727
0.734
0.727
0.727
0.734
0.734
0.734
0.742
0.734
0.742
0.742
0.742
0.742
0.742
0.750
0.758
0.742
0.758
0.758
0.750
0.750
0.758
0.742
0.750
0.742
0.750
0.742
0.742
0.742
0.742
0.734
0.742
0.734
0.734
0.734
0.734
0.727
0.734
0.727
0.734
0.734
0.734
0.734
0.734
0.742
0.734
0.742
0.742
0.734
0.750
0.750
0.742
0.734
0.734
0.742
0.734
0.742
0.742
0.742
0.727
0.734
0.734
0.742
0.734
0.734
0.734
0.734
0.734
0.734
0.727
0.727
0.734
0.719
0.727
0.727
0.711
0.719
0.727
0.703
0.719
0.711
0.711
0.719
0.727
0.703
0.719
0.719
0.719
0.719
0.727
0.711
0.508
0.914
0.734
0.719
0.719
0.719
0.727
0.719
0.727
0.727
0.727
0.734
0.734
0.734
0.734
0.734
0.742
0.727
0.742
0.734
0.742
0.734
0.742
0.797
0.734
0.734
0.727
0.734
0.734
0.727
0.734
0.734
0.727
0.734
0.727
0.742
0.727
0.664
0.742
0.742
0.734
0.727
0.750
0.734
0.742
0.742
0.727
0.750
0.742
0.812
0.750
0.758
0.750
0.758
0.758
0.695
0.766
0.758
0.758
0.758
0.758
0.750
0.758
0.758
0.750
0.750
0.758
0.758
0.758
0.750
0.758
0.750
0.750
0.750
0.812
0.742
0.758
0.750
0.750
0.750
0.750
0.688
0.742
0.758
0.742
0.742
0.742
0.742
0.742
0.750
0.750
0.734
0.758
0.750
0.734
0.750
0.742
0.742
0.734
0.734
0.797
0.734
0.734
0.734
0.734
0.734
0.672
0.734
0.750
0.742
0.727
0.750
0.727
0.750
0.734
0.734
0.742
0.742
0.742
0.734
0.742
0.750
0.742
0.758
0.734
0.750
0.750
0.750
0.750
0.750
0.750
0.750
0.742
0.750
0.742
0.742
0.742
0.742
0.750
0.742
0.727
0.742
0.750
0.727
0.750
0.742
0.734
0.805
0.734
0.734
0.734
0.727
0.727
0.734
0.664
0.719
0.727
0.727
0.734
0.734
0.555
0.891
0.539
0.945
0.539
0.938
0.539
0.922
0.555
0.914
0.531
0.922
0.719
0.727
0.727
0.734
0.719
0.797
0.734
0.727
0.734
0.734
0.656
0.734
0.727
0.727
0.719
0.727
0.734
0.727
0.727
0.727
0.711
0.711
0.719
0.711
0.727
0.727
0.711
0.719
0.727
0.734
0.734
0.742
