6.53
6.56
6.68
6.63
6.54
6.37
6.57
6.58
6.59
6.62
6.57
6.48
6.5
6.5
6.51
6.56
6.53
6.53
6.51
6.54
6.44
6.55
6.47
6.34
6.27
6.22
6.41
6.43
6.39
6.36
6.26
6.34
6.57
6.62
6.67
6.71
6.71
6.73
6.83
6.81
6.81
6.76
6.73
6.78
6.73
6.49
6.41
6.37
6.51
6.5
6.51
6.45
6.41
6.37
6.32
6.17
6.08
6.18
6.04
6.06
6.15
6.23
6.29
6.23
6.2
6.33
6.37
6.48
6.54
6.58
6.52
6.42
6.44
6.43
6.38
6.34
6.35
6.48
6.39
6.39
6.39
6.41
6.46
6.41
6.46
6.5
6.43
6.51
6.48
6.54
6.43
6.49
6.35
6.53
6.61
6.54
6.7
6.75
6.77
6.72
6.7
6.71
6.6
6.52
6.57
6.35
6.26
6.33
6.33
6.14
6.18
6.16
6.03
6.08
6.08
6.05
5.97
5.9
5.96
5.95
5.88
5.79
5.79
5.77
5.77
5.74
5.68
5.54
5.56
5.48
5.45
5.42
5.45
5.34
5.43
5.43
5.41
5.62
5.67
5.61
5.49
5.53
5.65
5.82
5.69
5.76
5.69
5.66
5.67
5.63
5.54
5.5
5.5
5.55
5.53
5.49
5.49
5.45
5.45
5.4
5.26
5.13
5.02
5
5.03
4.94
4.87
4.92
5.03
5.11
5.1
5.15
5.15
5.01
5.15
4.95
5.06
5.05
4.9
4.97
5.05
4.87
4.84
4.96
5.03
5.25
5.32
5.3
5.29
5.25
5.28
5.3
5.41
5.47
5.43
5.52
5.58
5.5
5.54
5.58
5.59
5.58
5.41
5.31
5.38
5.47
5.44
5.47
5.51
5.44
5.43
5.34
5.38
5.5
5.59
5.63
5.62
5.55
5.58
5.48
5.49
5.56
5.41
5.49
5.62
5.58
5.31
5.23
5.17
5.15
5.24
5.25
5.25
5.54
5.52
5.25
5.2
5.18
5.19
5.23
5.39
5.24
5.23
5.29
5.41
5.6
5.64
5.72
5.62
5.83
5.97
5.97
5.82
5.87
5.9
5.99
5.8
5.78
5.87
5.76
5.73
5.81
5.78
5.62
5.9
5.85
5.71
5.86
5.97
5.86
5.89
5.98
6.03
6.01
5.9
6
5.8
5.83
5.86
5.69
6.04
6.18
6.4
6.5
6.51
6.54
6.49
6.43
6.43
6.46
6.44
6.45
6.43
6.43
6.62
6.59
6.48
6.4
6.34
6.32
6.33
6.31
6.33
6.1
6.01
6.1
6.09
6.11
6.04
6.01
5.96
5.83
5.9
5.9
5.86
5.8
5.75
5.85
5.9
5.88
5.93
5.9
5.91
5.89
5.76
5.77
5.78
5.81
5.77
5.71
5.67
5.66
5.48
5.62
5.59
5.63
5.43
5.5
5.52
5.52
5.72
5.71
5.85
5.81
5.79
5.77
5.65
5.72
5.75
5.78
5.73
5.79
5.85
6.03
6.13
6.06
5.81
5.74
5.85
5.73
5.84
5.99
6.06
5.87
5.87
5.94
5.88
5.8
5.92
5.92
6.2
6.17
6.25
6
6.11
6.1
6.24
6.29
6.14
6.25
6.18
6.07
6.08
5.98
5.72
5.7
5.68
5.67
5.35
5.49
5.57
5.62
5.56
5.59
5.55
5.71
5.64
5.72
5.61
5.4
5.39
5.33
5.29
5.31
5.34
5.35
5.19
4.99
4.63
4.96
4.95
4.97
4.78
4.51
4.08
4.04
4.23
4.19
4.52
4.52
4.58
4.51
4.66
4.78
4.88
4.79
4.82
4.9
5.1
5.31
5.32
5.25
5.22
4.89
4.85
4.71
4.78
5.02
4.96
4.96
4.83
4.7
4.92
4.97
4.88
4.82
4.84
4.85
4.78
4.7
4.58
4.53
4.32
4.26
4.25
4.3
4.41
4.55
4.54
4.48
4.62
4.51
4.58
4.45
4.52
4.6
4.72
4.87
4.92
4.64
4.86
4.9
4.68
4.58
4.56
4.72
4.84
4.75
4.92
4.81
4.68
4.75
4.64
4.81
5.01
4.83
4.86
5.23
5.3
5.2
5.41
5.41
5.55
5.78
5.77
5.68
5.79
5.9
5.98
6.04
6.09
6.23
6.39
6.47
6.34
6.24
6.21
6.17
5.98
6.12
6.18
6
5.95
6.23
6.36
6.34
6.23
6.27
6.27
6.28
6.29
6.37
6.55
6.57
6.41
6.29
6.45
6.42
6.48
6.46
6.6
6.52
6.54
6.5
6.43
6.31
6.16
5.95
5.98
6.15
6.16
6.02
5.98
5.98
5.91
5.89
5.61
5.72
5.66
5.75
5.68
5.72
5.74
5.45
5.45
5.53
5.79
6.02
5.97
5.87
5.8
5.68
5.81
5.84
5.78
5.72
5.8
5.6
5.6
5.59
5.5
5.64
5.72
5.97
5.84
5.95
5.97
5.93
5.78
5.56
5.6
5.49
5.5
5.22
5.15
5.13
5.24
5.38
5.57
5.53
5.61
5.51
5.65
5.81
5.58
5.57
5.71
5.68
5.82
5.87
5.8
5.88
6.18
6.43
6.44
5.99
6.07
6.12
6.03
5.86
6.15
6.07
6.06
6.23
6.3
6.42
6.29
6.35
6.33
6.27
6.08
5.91
6.01
6.22
6.19
6.09
6.18
5.92
5.73
5.47
5.76
5.91
5.79
5.92
5.92
5.63
5.49
5.26
5.52
5.85
5.76
5.65
5.77
6.13
6.44
6.42
6.15
6.15
6.01
6.1
6.14
6.14
6.14
6.09
6.28
6.55
6.51
6.47
6.4
6.01
5.82
6.35
6.37
6.44
6.37
6.66
6.75
6.94
7.33
7.37
7.34
7.58
7.59
7.85
7.94
7.6
7.24
7.12
7.26
7.35
7.33
7.34
7.33
7.56
7.86
7.85
8.02
8.13
8.17
7.96
7.8
7.63
7.55
7.51
7.62
8
8.03
7.87
7.95
7.62
7.62
7.86
7.67
7.7
7.87
7.86
7.97
7.95
8.09
8.03
8.09
8.26
7.95
7.99
7.9
7.95
7.82
7.77
7.91
8.06
8.07
8
8.07
8.01
8.17
8.18
8.18
8.05
8.25
8.2
8.28
8.39
8.37
8.62
8.6
8.48
8.35
8.24
8.23
8.1
8.05
8.26
8.31
8.5
8.53
8.62
8.66
8.56
8.42
8.23
8.35
8.41
8.19
8.39
8.45
8.55
8.52
8.6
8.49
8.5
8.53
8.3
8.29
8.03
8.3
8.28
8.09
8.17
8.28
8.31
8.24
8.34
8.5
8.64
8.78
8.94
8.94
8.74
8.82
8.86
8.96
9.26
9.32
9.22
8.89
8.76
8.84
8.75
8.98
9.01
8.95
8.92
8.99
9.14
9.13
8.95
8.88
8.98
8.68
8.76
9.04
9.07
8.74
8.68
8.74
8.4
8.62
8.64
8.24
7.52
7.4
7.6
7.77
7.94
7.99
7.97
7.93
8
7.92
7.89
8.13
8.17
8.28
8.05
7.98
8.14
8.15
8.37
8.32
8.3
8.49
8.29
8.1
8.15
8.34
8.23
7.82
7.3
7.33
7.53
7.82
7.82
7.8
8.19
8.53
8.69
8.58
8.41
8.68
8.53
8.36
8.4
8.65
8.49
8.5
8.73
8.69
9.01
8.95
9.23
9.15
9.18
9.33
9.45
9.63
9.57
9.61
9.62
9.54
9.48
9.53
9.59
9.3
9.37
9.41
9.51
9.49
9.47
9.11
9.1
9.32
9.25
9.33
9.37
9.54
9.28
9.46
9.74
9.81
9.67
9.87
9.94
10.04
9.98
9.92
9.93
9.8
9.64
9.81
9.81
9.66
9.69
9.25
9.2
9.21
9.13
8.97
9.18
9.4
9.19
9.35
9.54
9.53
9.45
9.5
9.69
9.72
10.17
10.27
10.11
10.38
10.35
10.38
10.35
9.97
10.26
10.43
10.42
10.22
10.12
9.98
9.67
9.8
9.6
9.67
9.87
10.12
10.13
9.89
9.97
9.95
9.81
9.21
8.68
8.77
8.7
8.74
8.45
9.06
8.87
8.83
9.18
9.36
9.42
9.35
9.03
8.89
8.93
8.69
8.61
8.03
7.64
7.36
7.46
7.55
8.01
8.05
8.2
8.33
8.4
8.21
8.12
8.17
8.51
8.61
8.43
8.52
8.75
8.24
8.32
9.14
9.22
9.18
9.5
7.71
8.01
8.4
8.61
9.27
9.55
9.46
9.1
9.5
10.04
9.96
9.91
10.23
10.53
10.41
10.49
10.79
10.74
10.7
10.69
10.48
10.07
10.2
10.17
10.09
9.84
9.96
10.08
10.06
10.06
9.79
10.04
9.86
10.03
10.21
10.39
10.31
10.21
10.37
10.33
10.48
10.33
10.43
10.4
10.05
9.94
9.7
9.66
9.55
9.24
9.35
9.49
9.89
10.09
9.99
9.91
9.77
9.65
9.55
9.71
9.98
9.63
9.41
9.24
9.25
10.21
10.62
10.38
10.3
10.03
10.22
10.77
10.7
10.85
10.89
11.37
11.77
11.55
11.5
11.73
11.67
11.76
11.98
11.96
11.92
11.98
11.89
11.76
11.55
11.65
11.65
11.55
11.49
11.41
11.21
11.32
11.54
11.34
11.32
11.17
11.26
11.22
11.64
11.91
11.96
11.72
11.63
11.63
11.41
11.58
11.44
11.83
11.73
11.8
11.43
11.61
11.76
11.7
11.81
11.65
11.57
11.52
11.4
11.48
11.22
11.07
10.95
10.71
11.09
11
11.35
10.96
11.35
11.28
11.4
11.54
11.66
11.45
11.6
11.22
11.5
11.39
10.93
11.08
11
11.08
11.06
11.17
10.75
10.42
10.7
11
11.14
11.22
11.01
11.07
11.21
11.08
11
11.06
10.97
10.96
10.78
10.65
10.66
10.52
10.71
10.72
10.84
10.77
10.3
10.2
10.5
10.74
10.84
10.75
10.75
10.75
10.61
10.5
10.19
9.99
10.02
9.85
10.17
10.29
10.23
10.09
10.18
10.23
10.02
9.86
10.01
10.05
10.16
10.01
9.87
9.98
9.9
9.57
9.43
9.19
9.1
9.16
8.97
8.94
8.85
8.5
8.4
8.17
8.25
8.12
8.35
8.36
8.56
8.38
8.71
8.56
8.6
8.36
8.29
8.24
7.98
8.09
8.41
8.01
7.82
7.9
7.85
8.06
8.02
7.94
7.74
7.61
7.73
7.57
7.53
7.75
7.8
7.49
7.51
7.57
7.4
7.31
7.28
7.13
7.31
7.34
7.1
6.81
6.88
6.84
7.21
7.31
7.35
7.02
7.11
7.08
6.98
7.27
6.96
6.56
6.65
6.72
6.52
6.68
6.41
6.55
6.9
6.7
6.48
6.67
6.52
6
5.89
5.86
5.9
5.9
5.39
5.19
4.94
5.34
5.52
5.47
5.47
5.44
5.2
5.2
5.1
5.11
5.13
4.93
4.78
4.63
4.5
4
4.14
4.24
4.59
4.42
4.5
4.9
5.14
4.83
4.7
4.84
4.92
5.2
5.22
5.12
5.49
5.72
5.71
5.87
5.89
6.08
6.08
6.08
6.15
6.02
5.92
6.32
6.36
6.52
5.75
5.66
5.35
5.36
5.39
5.37
5.81
6.11
6.08
6.1
6.61
6.84
6.94
7
7.15
7.24
7.15
7
6.75
6.6
6.68
6.66
6.85
6.73
6.7
6.72
6.54
6.54
6.83
6.82
6.81
6.75
6.1
6.26
6.37
6.39
6
6.43
6.34
5.97
5.85
5.68
5.2
5.11
5.41
6.01
6.08
6.53
6.62
6.8
7.36
7.92
8.34
8.11
8.65
8.62
8.25
8.37
7.94
7.66
6.7
7.01
7.15
7.96
8.36
9.28
9.45
9.28
9.1
9.73
10.28
10.19
9.07
10.3
10.65
11.3
10.98
11.69
10.86
10.91
10.5
10.46
10.92
10.91
10.54
10.51
10.8
11.24
9.95
9.99
10.58
10.56
11.34
11.12
11.24
11.61
11.72
11.11
11.43
11.91
11.9
11.62
11.64
11.6
11.28
11.35
11.31
11.61
11.27
11.52
11.55
11.92
11.96
11.91
12.02
12.46
12.43
12.11
12.06
12.28
12.28
11.86
12.05
12.48
12.39
12.28
12
12.12
12.14
12.22
11.58
11.7
11.75
11.39
11.06
10.96
11.24
11.23
11.51
11.73
11.36
11.35
11.34
11.85
11.67
11.48
11.67
11.69
11.79
12.16
11.84
11.96
11.96
12.02
12.13
12.42
12.3
12.5
12.33
12.09
12.46
12.27
12.44
12.81
12.96
13.08
13.39
13.25
13.25
13.08
13.19
13.33
13.63
13.78
13.99
14.19
14.19
14.22
14.16
14.01
14.09
14.01
14.17
14.11
14.06
14.04
14.1
13.85
13.7
13.7
13.54
13.52
13.42
13.5
13.62
13.77
13.34
13.26
12.96
12.73
12.87
13.07
13.13
13.3
13.46
13.36
13.37
13.44
13.2
12.62
12.71
12.76
12.55
12.53
12.02
11.78
11.62
11.17
11.51
11.53
11.74
11.59
11.22
11.31
11.44
11.73
11.5
11.7
11.93
12.16
12.32
12.3
11.99
11.72
11.75
11.65
11.86
11.91
11.62
11.9
11.96
11.86
11.43
11.63
11.6
11.6
11.35
11.99
12.07
11.83
12.01
12.06
11.99
12.09
12.01
11.27
11.84
11.32
12.44
12.75
12.85
13
13.52
13.71
13.49
13.65
13.95
14.15
14.24
14.45
14.59
14.79
14.76
14.72
14.45
14.36
14.35
14.39
14.69
14.63
14.95
15
14.99
14.88
14.69
14.7
14.58
14.63
14.64
14.54
14.55
14.37
14.35
14.49
14.35
14.46
14.78
14.61
14.78
14.74
14.82
14.85
14.81
14.78
15
14.44
14.54
14.53
14.7
14.64
15
14.87
14.74
14.38
14.15
13.82
14.07
13.99
14.21
14.22
14.17
13.91
13.93
13.82
13.72
13.7
13.77
13.86
13.94
13.82
13.83
13.88
13.64
13.63
13.68
13.52
13.39
13.45
13.42
13.4
13.45
12.95
12.56
12.77
12.9
12.77
12.87
12.68
12.86
13.24
13.2
13.57
13.46
13.4
13.28
13.18
13.14
13.41
13.41
13.4
13.48
13.39
13.46
13.55
13.01
13.51
13.52
13.75
13.43
13.88
14.07
13.75
13.36
13.51
13.67
13.6
13.92
13.55
13.7
13.5
13.9
13.93
14.12
13.98
14.34
14.09
14.29
14.23
14.16
14.02
13.81
13.89
14.01
14.05
13.83
13.88
13.77
13.64
13.69
13.69
13.59
13.62
13.74
13.67
13.66
13.9
13.82
13.87
14
13.95
13.7
13.7
14.02
13.91
13.8
14.06
14.3
14.37
14.5
14.28
13.9
13.93
13.75
13.67
13.63
13.78
13.65
13.61
13.75
13.46
13.51
13.5
13.38
13.56
13.4
13.45
13.33
13.41
13.47
13.2
13.06
13.19
13.21
13.53
13.51
13.36
13.78
13.85
13.62
13.71
13.81
13.92
13.8
13.77
13.89
13.92
13.76
13.74
13.62
13.37
13.36
13.33
13.28
13.46
13.3
13.54
13.63
13.36
13.47
13.36
13.09
13.17
12.83
13.42
13.68
13.87
13.81
13.55
13.51
13.4
13.64
13.72
14.01
14.14
14.57
14.54
14.6
14.52
14.65
14.6
14.5
14.58
14.6
14.52
14.38
14.53
14.46
14.41
14.38
14.29
14.4
14.4
14.59
14.53
14.44
14.27
14.44
14.49
14.16
14.18
14.3
14.07
14.1
14.2
14.32
14.29
14.3
14.12
14.43
14.43
14.49
14.58
14.5
14.49
14.14
14.12
14.16
14.03
14.06
14.08
13.98
14.22
14.19
14.16
14.11
14.01
14.03
13.88
13.93
13.96
13.97
13.74
13.51
13.71
13.77
13.53
13.58
13.96
14.26
14.37
14.18
14.06
13.91
13.9
13.88
13.86
13.88
13.77
13.94
13.85
13.73
13.58
13.33
13.25
13.45
13.56
13.54
13.61
13.48
13.55
13.43
13.5
13.34
13.24
13.15
12.99
13.34
13.49
13.44
13.08
13.18
12.9
12.82
12.61
12.49
12.38
12.46
12.47
12.44
12.48
12.38
12.31
12.34
12.49
12.4
12.22
12.27
12.23
12.17
12.15
12.07
11.91
11.97
11.89
12.02
12.14
12.17
12.1
12.11
12.14
12.11
12.09
12
12.01
11.96
12.07
12.05
12.09
12.12
12.11
12.04
11.92
11.74
11.73
11.84
11.74
11.66
11.86
11.69
11.75
11.57
11.86
11.9
11.74
11.56
11.57
11.55
11.32
11.33
11.38
11
11.08
11.08
11.23
11.46
11.5
11.62
11.6
11.58
11.42
11.49
11.44
11.42
11.17
10.91
10.91
11.03
11.1
10.97
10.9
10.9
10.79
10.62
10.8
10.55
10.54
10.77
10.85
10.67
11.02
10.9
11.13
11.25
11.29
11.27
11.06
11.35
11.45
11.22
11.08
11.23
11.08
11.44
11.37
11.37
11.78
11.73
11.85
12.15
12.14
12.21
12.19
12.16
12.04
12.08
12.2
12.29
12.15
12.11
12.08
12.01
12.1
11.85
11.69
11.6
11.67
11.69
11.71
11.9
11.93
12.03
12.1
12.1
12.13
12.05
12.09
12
11.99
12.06
12.25
12.15
12.19
12.08
12.08
12.06
12.09
12.09
12.1
12.14
12.03
11.92
11.84
11.91
11.98
12.01
12.21
12.4
12.25
12.35
12.23
12.29
12.24
11.97
12.1
12.03
11.96
11.91
11.94
11.9
11.7
11.83
11.82
11.8
11.7
11.66
11.66
11.85
11.84
11.63
11.62
11.44
11.24
11.05
11.02
11
11.16
11.06
11.2
11.3
11.29
11.44
11.36
11.23
11.31
11.31
11.29
11.21
11.21
11.15
11.17
11.14
11.15
11.11
11.1
11.06
10.89
10.86
10.89
10.74
10.81
10.82
10.8
10.74
10.73
10.71
10.7
10.71
10.92
10.94
10.8
10.85
10.84
10.83
10.86
10.91
10.81
10.77
10.78
10.71
10.64
10.65
10.62
10.7
10.53
10.5
10.51
10.45
10.53
10.63
10.47
10.46
10.64
10.41
10.3
10.48
10.53
10.87
10.7
10.69
10.63
10.77
10.88
10.83
10.61
10.77
10.8
10.83
10.71
10.74
10.84
10.97
10.94
10.93
10.92
10.89
10.69
10.75
10.38
10.31
10.22
10.36
10.28
10.37
10.37
10.36
10.3
10.34
10.34
10.31
10.25
10.24
10.13
10.03
10.04
9.9
9.81
9.84
9.79
9.84
9.96
10.02
10.13
10.08
9.96
10.01
10.1
10.12
10.15
10.16
10.14
10.09
10.08
10.05
10.08
10.19
10.15
10.09
10.22
10.21
10.1
10.12
10.08
10.02
10.06
9.98
10.03
9.98
9.95
9.94
9.88
9.79
9.8
9.7
9.53
9.75
9.73
9.7
9.71
9.59
9.6
9.5
9.45
9.5
9.6
9.58
9.58
9.49
9.54
9.48
9.39
9.43
9.42
9.43
9.35
9.33
9.45
9.33
9.4
9.43
9.43
9.27
9.34
9.27
9.27
9.21
9.25
9.29
9.25
9.37
9.32
9.15
9.18
9.22
9.07
9.05
9.07
9.24
9.3
9.28
9.28
9.22
9.07
9.02
9.04
9.01
9.1
9.13
9.14
9.01
9.04
9.08
9.02
9.16
9.41
9.42
9.36
9.43
9.5
9.47
9.44
9.34
9.26
9.36
9.39
9.46
9.56
9.53
9.44
9.48
9.37
9.43
9.37
9.32
9.58
9.5
9.48
9.45
9.51
9.57
9.65
9.67
9.5
9.48
9.49
9.36
9.44
9.44
9.42
9.43
9.49
9.57
9.57
9.6
9.72
9.75
9.72
9.46
9.51
9.53
9.4
9.31
9.15
9.14
9.09
9.11
9.1
9.09
9.04
9.02
9
9.02
9.1
9.17
9.19
9.21
9.09
9.09
9
9.02
9.01
9.03
9.07
9.2
9.2
9.13
9.19
9.19
9.15
9.13
9.07
8.98
8.94
8.95
8.96
8.97
9.02
9.03
8.97
8.97
9.03
9.03
9.07
9.06
9.04
9.04
9.11
9.11
9
9
9.12
9.16
9.15
9.14
8.91
8.99
8.85
8.71
8.52
8.59
8.71
8.77
8.71
8.72
8.71
8.75
8.69
8.57
8.46
8.42
8.56
8.54
8.44
8.49
8.45
8.44
8.41
8.35
8.3
8.3
8.29
8.27
8.18
8.2
7.99
7.86
7.87
7.81
7.78
7.82
7.82
7.85
7.93
7.96
8.03
8.08
8.03
8.25
8.25
8.21
8.17
8.24
8.31
8.33
8.28
8.23
8.15
8.04
7.99
8
7.98
7.9
7.92
7.95
7.82
7.9
7.89
7.85
7.76
7.8
7.82
7.84
7.8
7.84
7.95
7.88
7.94
7.88
7.9
7.85
7.89
7.99
7.79
8
8.34
8.45
8.44
8.44
8.46
8.42
8.45
8.58
8.52
8.5
8.57
8.57
8.49
8.58
8.53
8.6
8.53
8.68
8.77
8.69
8.88
8.82
8.76
8.9
8.89
8.95
8.84
8.79
8.65
8.81
8.87
8.79
8.84
8.89
8.76
8.59
8.58
8.53
8.68
8.69
8.78
8.74
8.6
8.67
8.55
8.58
8.7
8.4
8.3
8.46
8.55
8.53
8.6
8.42
8.68
8.84
8.91
8.83
8.99
8.96
9.02
9.16
9.37
9.34
9.29
9.24
9.25
9.35
9.29
9.37
9.22
9.34
9.45
9.5
9.37
9.28
9.28
9.26
8.97
8.85
8.91
8.89
8.8
8.72
8.54
8.57
8.46
8.66
8.62
8.86
8.59
8.44
8.83
8.94
9.19
9.17
9.28
9.28
9.28
9.12
9.28
9.24
9.32
9.17
9.23
9.22
9.29
9.3
9.42
9.25
9.2
9.34
9.31
9.39
9.38
9.4
9.34
9.24
9.08
9.05
9.19
9.2
9.24
9.29
9.5
9.41
9.4
9.5
9.5
9.33
9.26
9.39
9.46
9.4
9.46
9.51
9.57
9.57
9.5
9.54
9.61
9.57
9.39
9.31
9.2
9.05
9.04
9.01
8.94
8.89
8.94
8.91
8.91
8.8
8.87
8.9
8.93
8.97
8.91
8.95
8.67
8.61
8.58
8.63
8.58
8.41
8.34
8.31
8.32
8.33
8.57
8.51
8.46
8.39
8.45
8.56
8.48
8.4
8.37
8.4
8.25
8.18
7.95
7.94
7.85
7.71
7.67
7.75
7.91
7.86
7.89
7.92
7.95
7.88
7.86
7.7
7.74
7.62
7.5
7.53
7.59
7.36
7.36
7.28
7.33
7.41
7.55
7.56
7.65
7.69
7.86
7.96
7.88
7.86
7.81
7.68
7.77
7.81
7.91
7.98
7.91
7.93
7.9
7.86
7.86
7.77
7.85
7.85
7.79
7.81
7.85
7.85
7.85
7.91
7.92
7.92
7.78
7.82
7.67
7.62
7.56
7.63
7.78
7.77
7.86
8
7.91
7.85
8.03
7.8
7.91
7.7
7.73
7.71
7.86
7.95
7.98
8.1
8.11
8.05
7.78
7.89
8.06
7.96
7.73
7.71
7.64
7.44
7.63
7.9
7.77
7.74
7.62
7.72
8
7.72
8
8.01
7.95
7.75
7.7
7.49
7.26
7.1
7.19
6.93
7.02
6.96
6.99
6.88
6.8
6.78
6.59
6.63
6.6
6.53
6.34
6.52
6.52
6.89
6.8
6.68
6.72
6.81
6.73
6.55
6.87
7.1
7.06
7.01
7.04
7.05
7.1
6.94
6.97
7.05
7.07
7.01
6.87
6.9
6.78
6.74
6.71
6.85
6.78
6.84
6.64
6.42
6.27
5.97
5.85
6.09
6.08
6.25
6.23
6.09
6.45
6.09
6.17
6.09
6
5.82
5.34
5.01
5.26
5.26
5.45
5.63
5.73
5.73
5.92
5.95
5.75
5.48
5.48
5.69
5.87
5.77
5.89
6.09
5.96
5.79
5.5
5.57
5.74
5.47
5.65
5.67
5.88
5.6
5.83
5.75
5.95
5.87
5.94
5.97
6.19
6.33
6.28
6.55
6.68
6.75
7.08
7.07
7.1
7.05
6.94
6.9
6.91
6.83
6.68
6.88
6.54
6.59
6.69
6.53
6.4
6.56
6.75
6.77
6.38
6.6
6.75
6.65
6.58
6.79
6.82
7.1
7.32
7.2
7.11
7.1
6.73
6.9
6.75
6.6
6.28
6.29
6.34
6.2
6.19
5.98
6.1
6.09
6.08
6.17
6.54
6.67
6.5
6.19
6.08
6.16
6.41
6.25
6.07
5.83
6.15
6.1
5.94
6.01
5.69
5.8
5.3
5.42
5.15
4.88
4.97
5.01
5.1
5.26
5.44
4.99
5.17
5.41
5.5
5.1
5.11
5.31
5.54
5.87
6
6.29
6.26
6.32
6.51
7.02
6.58
6.32
6.5
6.3
6.36
6.35
6.67
6.81
6.67
6.9
7.31
6.85
7
7.12
6.82
6.75
6.98
6.49
6.08
6.44
6.34
6.65
6.76
6.25
6.3
5.87
6.2
6
6.28
6.73
7.54
6.96
7.25
6.93
7.05
7.05
7.4
7.86
7.63
7.17
7.33
7.85
7.86
8.06
8.39
8.7
8.62
7.91
7.63
7.8
8.09
8.04
7.76
7.85
7.87
7.49
8
8.24
8.35
8.67
8.7
8.4
8.68
8.67
9.01
9.06
9.1
9.31
9.35
9.43
9.77
8.61
9.89
9.75
9.83
9.82
9.93
9.85
9.75
9.7
9.81
9.91
10.05
10.02
10.29
10.26
10.09
9.92
10.15
10.3
9.98
10.14
9.56
10.4
10.32
10.28
10.16
10.05
10.02
10.29
10.47
10.26
10.32
10.05
10.04
9.95
9.7
9.58
9.45
9.62
9.49
9.38
9.56
9.54
9.72
9.6
9.62
9.6
9.52
9.48
9.5
9.73
9.76
9.89
9.93
9.75
9.7
9.51
9.56
9.38
9.42
9.54
9.65
9.65
9.59
9.6
9.34
9.22
9.22
8.85
8.75
8.62
8.67
8.61
8.6
8.76
8.85
9.05
8.82
8.76
8.76
8.7
8.84
8.61
8.78
9.11
9.32
9.02
9.14
9.33
9.46
9.33
9.33
9.16
9.2
8.95
9.08
9.04
8.83
9.09
8.71
9.01
8.95
9.25
9.34
9.2
9.62
9.56
9.42
9.41
9.41
9.41
9.4
9
9.02
9.29
9.8
9.83
9.54
9.64
9.93
10.05
9.85
10.03
10.18
9.77
9.54
9.52
9.35
9.5
9.59
9.8
9.83
9.63
9.73
9.85
10.12
9.98
9.9
10
9.83
9.25
9.41
9.6
9.39
9.37
9.17
8.69
8.74
8.55
8.45
8.89
9.25
9.24
9.57
9.29
9.04
8.78
9.16
9.25
8.82
8.5
8.66
8.7
8.3
8.22
8.15
8.56
8.19
8.31
8.14
8.42
8.37
7.96
7.92
7.63
6.93
7.44
7.83
8
8.25
7.75
8.6
8.63
8.86
9.19
9.4
9.56
9.81
10.06
9.91
10.03
9.99
10.34
10.22
10.4
10.34
10.07
9.87
9.6
9.61
9.6
9.95
10.01
9.89
9.62
9.71
9.92
10.07
10.15
10
10.08
10.06
10.05
9.9
9.55
9.51
9.42
9.8
9.9
9.79
9.81
9.58
9.88
9.74
9.8
9.5
9.62
10.13
10.1
9.91
10.6
10.68
11
11.1
10.7
10.63
10.62
10.52
10.6
10.64
10.63
10.85
10.71
10.61
11.07
11.12
11.1
11
11.23
11.21
11.16
11.26
11.27
11.25
11.02
11.25
10.98
10.96
11.07
10.99
11.17
11.29
11.13
11.28
11.36
11.32
11.15
11.25
11.12
11.2
11.32
11.05
10.87
10.88
10.83
10.74
10.91
11.2
11.1
10.89
10.36
10.45
10.27
10.61
11.1
11.09
10.85
10.94
10.83
10.7
10.55
10.4
10.39
10.18
9.83
10.38
10.35
10.27
10.14
10.4
10.04
9.66
9.32
9.83
10.15
10.33
10.3
10.7
10.68
10.9
10.93
11.38
11.37
11.43
11.35
11.25
11.03
10.86
11.11
11.19
11.18
11.06
11.05
11.37
11.42
11.9
11.81
11.89
11.58
12
12
11.78
11.9
11.81
11.59
11.68
11.59
11.97
11.8
11.69
11.56
12
12.14
12.18
12.11
11.8
11.71
12.38
12.3
12.05
12.12
12.08
12
11.94
11.82
12.07
11.85
11.82
11.17
11.17
11.4
11.17
11.04
10.74
10.61
10.35
10.96
10.5
10.62
10.96
11.1
11.15
11.3
10.78
10.35
9.86
10.28
10.19
10.63
10.31
10.49
10.63
10.3
10.15
10.45
10.45
11.22
11.6
11.8
11.77
11.31
11.2
11.4
11.6
11.85
11.89
11.9
11.96
11.42
11.26
11.24
11.06
11.71
11.96
11.38
11.7
11.63
11.2
11.63
11.39
11.37
11.6
12.22
11.98
12.35
12.5
12.2
12.48
12.41
12.44
12.49
12.3
12.36
12.4
12.44
12.02
12.13
12.22
12.23
12.55
12.5
12.12
12.2
12.2
11.93
12.09
11.89
11.93
11.79
11.9
12.1
12.09
11.8
12
12.06
11.95
12.31
12.37
12.37
12.57
12.29
12.31
12.06
11.89
11.83
11.61
11.66
11.57
11.49
11.27
11.23
11.23
11.11
11.14
11.14
11.21
11.24
11.15
11.27
11.13
11.22
11.18
11.15
11.12
11.25
11.24
11.15
11.26
11.32
11.32
11.15
11.02
11.25
10.99
11.05
10.77
10.89
10.9
10.87
10.7
10.8
10.5
10.65
10.74
10.9
10.78
10.6
10.47
10.5
10.62
10.85
10.75
10.57
10.89
10.88
10.9
10.51
10.42
10.26
10.29
10.49
10.14
10.15
10.1
10.26
10.46
10.35
10.74
10.62
10.72
10.79
10.54
10.92
11.22
11.15
11.37
11.2
11.69
11.47
11.17
11.45
11.37
11.23
10.91
11.04
11.13
11.3
11.48
11.21
11.11
11.28
11.08
10.86
11.18
11.37
11.25
11.23
11.36
11.51
11.62
11.42
11.53
11.38
11.58
11.7
11.85
11.86
11.57
11.38
11.29
11.14
11.19
11.03
10.95
10.86
10.9
10.94
11.05
10.88
10.9
10.81
10.87
10.8
11.1
10.86
11.01
10.82
11.1
11.11
10.58
10.41
9.93
10.5
10.72
10.92
10.74
10.42
10.33
10.19
10.14
10.07
10.07
10.39
10.36
10.1
10.1
9.99
10.31
10.1
10.1
10.64
10.93
10.65
10.74
10.84
11.22
11.32
10.84
11.11
11.38
11.24
11.26
11.15
11.38
11.35
11.21
11.28
11.68
11.91
11.26
11.08
11.17
11.22
11.3
11.14
10.95
10.75
10.8
10.97
10.91
10.79
11.05
11.01
10.92
10.8
10.55
10.86
10.9
11.06
11.1
10.94
10.77
10.86
10.9
10.71
10.75
10.7
10.61
10.3
9.93
9.89
9.58
9.42
9.45
9.32
9.52
9.39
9.59
9.43
9.21
9.35
9.5
9.55
9.71
9.69
9.74
9.65
9.72
9.78
9.68
9.71
9.77
9.88
9.96
9.88
9.88
9.76
9.73
9.83
9.95
9.75
9.87
9.7
9.64
9.75
9.73
9.46
9.5
9.58
9.75
9.41
9.72
9.51
9.91
9.89
9.84
9.91
9.78
9.56
9.76
9.61
9.6
9.45
9.23
9.3
9.32
9.34
9.08
9.31
9.06
9
9.36
9.11
9.11
9.27
9.15
9.31
9.18
9.4
9.54
9.7
9.87
9.95
9.99
9.75
9.82
9.75
9.98
10.21
10.24
10.08
10.25
10.4
10.5
10.4
10.4
10.1
10.4
10.3
10.14
10.27
10.31
10.37
10.4
10.45
10.3
10.22
10.23
10
10.12
10.05
10.25
10.38
10.28
10.3
10.21
10.01
10.07
10
10
9.98
10.04
9.98
9.98
10
10.08
10.14
10.06
10.15
10.24
10.32
10.29
10.2
10.31
10.33
10.23
10.25
10.2
10.35
10.28
10.25
10.24
10.34
10.27
10.27
10.24
10.32
10.26
10.81
10.75
10.7
10.57
10.52
10.19
10.11
10
9.87
9.91
9.5
9.58
9.59
9.33
9.55
9.34
9.45
9.66
9.6
9.48
9.41
9.58
9.62
9.85
9.81
9.63
9.5
9.23
9.23
9.02
8.8
8.8
8.92
9.05
9.13
9.3
9.09
8.95
8.87
8.7
8.64
8.63
8.65
8.38
8.3
8.25
8.38
8.39
8.55
8.36
8.52
8.26
8.27
8.5
8.49
8.31
8.19
8.18
8.2
8.33
8.68
8.64
8.42
7.32
7.14
8.12
8.33
8.53
8.42
9.03
9
8.47
8.52
8.67
8.58
8.4
8.22
7.74
7.72
7.84
7.89
7.96
7.92
8.19
8.31
8.22
8.22
8.11
8.28
8.34
8.87
9.12
8.82
8.43
8.44
8.34
8.25
8.04
7.66
7.69
7.77
7.5
7.72
7.89
8.01
8.41
8.53
8.35
8.34
7.99
8.23
7.75
7.39
7.36
7.75
7.38
7.3
7.14
7.56
7.69
7.27
7.21
6.58
6.49
6.3
5.94
5.7
5.57
5.7
5.41
5.47
5.62
6.6
7.12
7.15
7
7.15
7.17
6.52
6.04
6.46
6.48
6.97
6.58
6.73
6.54
6.9
7.6
8.11
7.59
7.84
8.29
8.78
8.26
8.41
8.07
8.32
9.11
9.63
9.83
10.14
11.25
11.75
11.51
11.27
11.18
11.07
11.24
11.01
11.64
12.01
11.95
12.17
12.37
12.34
12.58
12.52
12.01
11.96
11.84
12.06
12.23
12.17
12.54
12.8
12.82
12.61
12.54
12.62
12.33
12.01
11.93
12.08
11.98
11.86
11.79
11.71
11.73
11.56
11.58
11.48
11.46
11.14
11.05
10.75
10.86
10.9
11.05
10.78
10.58
10.75
11.06
11.46
11.53
11.71
11.62
11.36
11.46
11.46
11.24
11.24
11.33
11.33
11.77
11.9
11.71
11.61
11.56
11.39
11.2
11.53
11.61
11.46
11.46
11.71
11.45
11.64
11.76
11.92
12.08
11.86
11.86
11.46
11.71
11.55
11.73
11.73
12.01
12.09
12.04
11.84
11.76
11.81
11.8
11.79
11.79
11.79
11.79
11.86
11.9
11.77
11.61
11.33
11.52
11.49
11.49
11.31
11.39
11.09
11.08
11.17
10.74
10.74
10.83
10.72
10.64
10.25
10.31
10.43
10.61
10.58
10.43
10.47
10.72
10.78
10.49
10.33
10.21
10.18
10.27
10.22
9.31
9.31
9.28
9.02
8.97
8.65
8.77
8.6
8.54
8.62
8.54
8.37
8.23
8.13
8.06
7.97
8.03
8.07
8.04
7.78
7.98
8.04
8.01
8.09
8.13
8.07
8.03
7.73
7.75
7.91
7.85
7.76
7.78
7.59
7.5
7.28
7.18
6.87
6.79
6.72
6.72
6.89
6.88
6.88
6.78
6.78
6.68
6.9
6.96
6.89
6.79
6.75
6.78
6.78
6.64
6.58
6.51
6.35
6.22
6.41
6.36
6.11
6.07
5.97
5.77
5.61
5.63
5.8
5.72
5.75
6
6.08
6.05
6.03
6
6.11
6.2
5.45
5.97
6.41
6.52
6.79
6.77
6.48
6.44
6.54
6.52
6.6
6.63
6.61
6.57
6.81
6.99
7.03
7.17
7.14
7.24
7.2
7.07
6.99
6.87
6.98
6.89
6.92
6.73
6.78
6.73
6.69
6.64
6.51
6.29
6.28
6.36
6.42
6.33
6.22
6.31
6.34
6.31
6.25
6.32
6.22
6.3
6.32
6.36
6.5
6.66
6.47
6.22
6.23
6.19
6.37
6.44
6.56
6.53
6.48
6.31
6.28
6.39
6.39
6.33
6.05
6.29
6.38
6.31
6.57
6.73
6.37
6.56
6.66
6.85
6.92
7
6.92
7.09
7.17
6.96
6.94
6.94
6.99
6.84
6.75
6.69
6.91
6.91
7.03
6.85
6.78
6.63
6.56
6.51
6.4
6.54
6.61
6.46
6.4
6.39
6.48
6.58
6.37
6.31
6.31
6.03
6.05
6.21
6.21
6.26
6.19
5.96
6.02
5.99
5.84
5.76
5.77
5.78
5.78
5.8
5.64
5.55
5.51
5.5
5.51
5.57
5.42
5.4
5.31
5.06
5.07
5.02
5.09
5.01
4.96
4.91
4.91
4.86
4.85
4.76
4.73
4.78
4.8
4.81
4.76
4.67
4.62
4.68
4.67
4.79
4.85
4.77
4.7
4.77
4.76
4.83
4.76
4.77
4.81
4.78
4.73
4.84
4.88
4.82
4.75
4.71
4.76
4.76
4.76
4.77
4.74
4.76
4.68
4.74
4.8
4.85
4.79
4.72
4.65
4.53
4.45
4.42
4.42
4.38
4.31
4.32
4.32
4.37
4.42
4.27
4.2
4.21
4.09
4.08
4.15
4.15
4.14
4.03
4.08
4.08
4.09
4.14
4.14
4.13
4.14
4.11
4.06
4.06
3.97
4.08
4.03
4.03
4
3.93
3.79
3.69
3.51
3.47
3.49
3.47
3.48
3.47
3.54
3.49
3.52
3.53
3.56
3.47
3.45
3.44
3.41
3.43
3.44
3.4
3.36
3.35
3.35
3.34
3.33
3.35
3.35
3.35
3.33
3.34
3.33
3.33
3.3
3.22
3.22
3.25
3.26
3.29
3.32
3.31
3.28
3.31
3.31
3.28
3.27
3.24
3.25
3.27
3.29
3.28
3.3
3.3
3.31
3.33
3.35
3.34
3.3
3.28
3.25
3.27
3.27
3.25
3.18
3.21
3.21
3.19
3.2
3.22
3.21
3.19
3.14
3.17
3.16
3.15
3.1
3.07
3.05
3.09
3.15
3.16
3.18
3.18
3.12
3.11
3.09
3.04
3.05
3.05
3.07
3.05
3.06
3.05
3.07
3.1
3.06
3.11
3.11
3.11
3.01
2.97
2.96
2.97
2.96
3.01
2.95
2.97
2.93
2.97
2.93
2.91
2.88
2.9
2.93
2.96
2.97
2.97
2.95
2.93
2.98
2.97
2.97
2.97
2.94
2.95
2.96
3.01
3.02
3
2.95
3.03
3.02
2.92
2.95
2.95
2.97
2.95
2.9
2.88
2.93
2.9
2.88
2.85
2.88
2.88
2.92
2.96
2.96
2.93
2.95
2.94
2.97
2.98
2.97
2.94
2.95
2.95
2.94
2.95
2.93
2.91
2.94
2.95
2.93
2.9
2.9
3.01
3.02
3.03
2.97
3
3.05
3.04
2.99
2.95
2.94
2.95
2.91
2.89
2.95
2.93
2.91
2.95
2.93
2.91
2.9
2.87
2.87
2.85
2.85
2.85
2.88
2.84
2.77
2.75
2.76
2.76
2.77
2.72
2.75
2.81
2.8
2.76
2.7
2.76
2.96
3
3.01
2.97
2.95
2.98
2.99
2.96
2.93
2.92
2.97
2.93
2.88
2.89
2.85
2.82
2.85
2.88
2.87
2.87
2.91
2.95
2.96
2.96
2.94
2.98
3
2.99
2.97
2.98
2.95
2.96
2.95
2.96
2.95
2.95
2.93
2.95
2.97
2.97
3.01
3.07
3.08
3.08
2.99
2.92
2.9
2.95
2.95
2.98
2.91
2.86
2.9
2.91
2.82
2.8
2.8
2.75
2.76
2.78
2.76
2.81
2.82
2.84
2.85
2.9
2.89
2.83
2.76
2.64
2.64
2.6
2.6
2.56
2.6
2.59
2.6
2.62
2.63
2.61
2.6
2.62
2.62
2.61
2.6
2.57
2.59
2.58
2.53
2.49
2.52
2.56
2.59
2.55
2.54
2.54
2.5
2.47
2.43
2.48
2.51
2.49
2.49
2.53
2.54
2.51
2.52
2.55
2.52
2.53
2.59
2.59
2.61
2.59
2.61
2.64
2.64
2.63
2.62
2.57
2.54
2.52
2.53
2.52
2.51
2.52
2.55
2.56
2.56
2.58
2.56
2.55
2.55
2.56
2.54
2.53
2.52
2.5
2.5
2.53
2.53
2.55
2.56
2.56
2.56
2.55
2.5
2.49
2.49
2.49
2.47
2.53
2.56
2.54
2.53
2.52
2.5
2.52
2.47
2.49
2.53
2.56
2.55
2.55
2.41
2.36
2.36
2.35
2.35
2.34
2.35
2.35
2.36
2.36
2.36
2.35
2.36
2.36
2.27
2.27
2.29
2.3
2.28
2.31
2.34
2.31
2.31
2.3
2.29
2.29
2.27
2.28
2.25
2.3
2.35
2.4
2.36
2.33
2.26
2.29
2.3
2.31
2.32
2.29
2.34
2.34
2.31
2.31
2.24
2.27
2.26
2.22
2.21
2.16
2.11
2.11
2.13
2.14
2.15
2.14
2.19
2.23
2.23
2.23
2.24
2.24
2.21
2.24
2.24
2.19
2.18
2.21
2.17
2.18
2.17
2.13
2.11
2.1
2.13
2.14
2.13
2.22
2.14
2.12
2.08
2.08
2.07
2.04
2.16
2.19
2.21
2.27
2.26
2.25
2.24
2.28
2.29
2.29
2.31
2.34
2.37
2.39
2.43
2.43
2.4
2.42
2.42
2.4
2.41
2.39
2.36
2.33
2.33
2.32
2.36
2.36
2.36
2.33
2.29
2.22
2.31
2.35
2.35
2.37
2.38
2.38
2.37
2.4
2.41
2.44
2.43
2.49
2.48
2.47
2.48
2.46
2.47
2.49
2.61
2.62
2.63
2.62
2.62
2.65
2.63
2.64
2.63
2.63
2.62
2.61
2.64
2.6
2.61
2.64
2.63
2.64
2.62
2.58
2.56
2.57
2.59
2.6
2.58
2.57
2.6
2.55
2.55
2.54
2.54
2.49
2.51
2.52
2.48
2.47
2.5
2.52
2.5
2.46
2.44
2.45
2.42
2.45
2.41
2.42
2.45
2.48
2.51
2.44
2.41
2.35
2.31
2.31
2.37
2.38
2.41
2.46
2.52
2.5
2.52
2.54
2.53
2.53
2.53
2.53
2.52
2.58
2.54
2.54
2.51
2.57
2.58
2.45
2.43
2.46
2.47
2.51
2.61
2.59
2.61
2.58
2.55
2.53
2.5
2.48
2.53
2.48
2.51
2.49
2.51
2.59
2.64
2.64
2.64
2.63
2.64
2.64
2.65
2.55
2.49
2.45
2.5
2.57
2.49
2.46
2.44
2.49
2.5
2.49
2.42
2.42
2.36
2.32
2.29
2.21
2.18
2.18
2.24
2.32
2.31
2.33
2.31
2.29
2.24
2.24
2.28
2.29
2.31
2.35
2.37
2.38
2.41
2.47
2.46
2.47
2.41
2.38
2.31
2.36
2.34
2.32
2.4
2.92
2.99
2.98
2.98
2.93
3
3.02
3
2.99
3.06
3.12
3.16
3.09
3.15
3.12
3.06
3
3.04
2.95
2.85
2.87
2.89
2.91
2.96
2.85
2.8
3.02
3.03
3.02
2.99
3
2.98
3.11
3.16
3.26
3.28
3.25
3.2
3.15
3.18
3.17
3.09
3.23
3.29
3.32
3.36
3.34
3.37
3.34
3.36
3.37
3.38
3.37
3.39
3.37
3.36
3.38
3.41
3.44
3.44
3.36
3.27
3.2
3.3
3.41
3.37
3.4
3.45
3.46
3.45
3.53
3.55
3.54
3.52
3.52
3.54
3.53
3.58
3.59
3.53
3.59
3.56
3.58
3.54
3.58
3.57
3.53
3.52
3.44
3.39
3.38
3.38
3.4
3.35
3.31
3.28
3.24
3.21
3.17
3.12
3.17
3.24
